#    p_error     i_error     d_error   max_error       speed     control
           0           0           0           0           0           0
           0           0           0           0           0           0
      0.7598      0.7598      0.7598      0.7598       0.438   -0.502228
      0.7598      1.5196           0      0.7598       0.438  -0.0486272
      0.7598      2.2794           0      0.7598        2.19  -0.0509066
      0.7598      3.0392           0      0.7598       4.818   -0.053186
      0.7598       3.799           0      0.7598      4.8712  -0.0554654
      0.7597      4.5587     -0.0001      0.7598      0.6012  -0.0576787
      0.7594      5.3181     -0.0003      0.7598      1.7254  -0.0598195
       0.759      6.0771     -0.0004      0.7598      0.6539  -0.0620133
      0.7583      6.8354     -0.0007      0.7598      0.7409  -0.0640676
      0.7576       7.593     -0.0007      0.7598      0.8025  -0.0662998
      0.7568      8.3498     -0.0008      0.7598      0.9635  -0.0684638
      0.7556      9.1054     -0.0012      0.7598      1.1397   -0.070421
      0.7544      9.8598     -0.0012      0.7598       1.344  -0.0726146
       0.753     10.6128     -0.0014      0.7598      1.5137  -0.0746724
      0.7513     11.3641     -0.0017      0.7598      1.7287  -0.0766477
      0.7489      12.113     -0.0024      0.7598       1.967  -0.0783352
      0.7459     12.8589      -0.003      0.7598      2.2934  -0.0800389
      0.7415     13.6004     -0.0044      0.7598      2.7429  -0.0811682
       0.735     14.3354     -0.0065      0.7598      3.3429  -0.0817362
      0.7279     15.0633     -0.0071      0.7598       3.843  -0.0831481
      0.7178     15.7811     -0.0101      0.7598      4.4188  -0.0829157
      0.7074     16.4885     -0.0104      0.7598      4.9072  -0.0842547
      0.6973     17.1858     -0.0101      0.7598      5.3134  -0.0859408
      0.6833     17.8691      -0.014      0.7598      5.7974  -0.0848387
       0.664     18.5331     -0.0193      0.7598      6.3562  -0.0825313
      0.6482     19.1813     -0.0158      0.7598       6.755  -0.0856595
      0.6268     19.8081     -0.0214      0.7598      7.2358  -0.0829387
       0.603     20.4111     -0.0238      0.7598      7.7889  -0.0819273
      0.5905     21.0016     -0.0125      0.7598      8.2646  -0.0897538
      0.5731     21.5747     -0.0174      0.7598      8.7405  -0.0875239
      0.5635     22.1382     -0.0096      0.7598      9.1264  -0.0933376
      0.5524     22.6906     -0.0111      0.7598      9.5907   -0.093451
      0.5348     23.2254     -0.0176      0.7598     10.1195  -0.0901346
      0.5151     23.7405     -0.0197      0.7598     10.5695  -0.0892773
      0.4995       24.24     -0.0156      0.7598     10.8718   -0.092331
      0.4673     24.7073     -0.0322      0.7598     11.3377  -0.0819053
       0.434     25.1413     -0.0333      0.7598     11.9631  -0.0806159
      0.3958     25.5371     -0.0382      0.7598     12.2712  -0.0766477
      0.3672     25.9043     -0.0286      0.7598     12.7243  -0.0818505
      0.3364     26.2407     -0.0308      0.7598     13.0695  -0.0797533
       0.285     26.5257     -0.0514      0.7598     13.2584  -0.0652671
      0.2163      26.742     -0.0687      0.7598     13.6381  -0.0515514
      0.1735     26.9155     -0.0428      0.7598     14.1306  -0.0651295
      0.0939     27.0094     -0.0796      0.7598       14.83  -0.0387144
      0.0319     27.0413      -0.062      0.7598     15.1365  -0.0457741
      -0.047     26.9943     -0.0789      0.7598     15.6671  -0.0309169
     -0.1306     26.8637     -0.0836      0.7598     16.1166  -0.0228563
     -0.2184     26.6453     -0.0878      0.7598     16.6124  -0.0145887
     -0.2783      26.367     -0.0599      0.7598     16.8566  -0.0270196
     -0.3691     25.9979     -0.0908      0.7598     17.1519  -0.0021059
     -0.4624     25.5355     -0.0933      0.7598     17.5504   0.0061927
     -0.5716     24.9639     -0.1092      0.7598     17.9499   0.0237811
     -0.6329      24.331     -0.0613      0.7598     18.1297   0.0004952
     -0.7351     23.5959     -0.1022      0.7598     18.3778   0.0331681
     -0.8197     22.7762     -0.0846      0.8197     18.6588    0.029974
     -0.9118     21.8644     -0.0921      0.9118     18.9265   0.0425512
     -0.9831     20.8813     -0.0713      0.9831     19.1404   0.0371559
      -1.039     19.8423     -0.0559       1.039     19.3326   0.0342751
     -1.0614     18.7809     -0.0224      1.0614     19.5286   0.0186585
      -1.054     17.7269      0.0074      1.0614     19.7544   0.0035113
     -1.0356     16.6913      0.0184      1.0614     20.0162  -0.0010491
     -1.0186     15.6727       0.017      1.0614      20.215   0.0018607
     -0.9907      14.682      0.0279      1.0614     20.5165  -0.0033254
     -0.9629     13.7191      0.0278      1.0614     20.7705  -0.0019891
     -0.9315     12.7876      0.0314      1.0614     21.0346  -0.0031758
     -0.9028     11.8848      0.0287      1.0614     21.2518   -0.000512
     -0.8653     11.0195      0.0375      1.0614     21.5225  -0.0053711
     -0.8167     10.2028      0.0486      1.0614     21.8443  -0.0123998
     -0.7633      9.4395      0.0534      1.0614     22.1597  -0.0160871
     -0.7231      8.7164      0.0402      1.0614     22.4189  -0.0083294
     -0.6736      8.0428      0.0495      1.0614     22.7235  -0.0147596
      -0.622      7.4208      0.0516      1.0614      23.014  -0.0171464
     -0.5683      6.8525      0.0537      1.0614      23.315  -0.0198161
     -0.5135       6.339      0.0548      1.0614     23.6235   -0.022114
      -0.458       5.881      0.0555      1.0614     23.9388   -0.024379
     -0.4117      5.4693      0.0463      1.0614     24.2029  -0.0203093
     -0.3489      5.1204      0.0628      1.0614      24.533   -0.032805
     -0.2267      4.8937      0.1222      1.0614     24.9127  -0.0748525
     -0.0891      4.8046      0.1376      1.0614     25.3112   -0.091806
      0.0033      4.8079      0.0924      1.0614     25.6432  -0.0700551
      0.1147      4.9226      0.1114      1.0614     26.1521  -0.0882604
      0.1934       5.116      0.0787      1.0614     26.5596  -0.0737852
      0.2629      5.3789      0.0695      1.0614     26.8243  -0.0730849
      0.2968      5.6757      0.0339      1.0614     27.0072  -0.0545815
      0.3211      5.9968      0.0243      1.0614     27.2252  -0.0511942
      0.3297      6.3265      0.0086      1.0614     27.5428  -0.0432621
      0.3205       6.647     -0.0092      1.0614     27.7833    -0.03301
      0.2952      6.9422     -0.0253      1.0614     28.0736  -0.0227682
      0.2694      7.2116     -0.0258      1.0614     28.2916    -0.02178
       0.236      7.4476     -0.0334      1.0614     28.5686  -0.0159908
       0.249      7.6966       0.013      1.0614     28.8943  -0.0453318
      0.2773      7.9739      0.0283      1.0614      29.133  -0.0569851
      0.3063      8.2802       0.029      1.0614     29.3794   -0.060006
      0.3272      8.6074      0.0209      1.0614     29.6386  -0.0573398
      0.3301      8.9375      0.0029      1.0614     29.8868  -0.0476983
      0.3201      9.2576       -0.01      1.0614     30.0645  -0.0403386
      0.2958      9.5534     -0.0243      1.0614     30.2896  -0.0312366
      0.2523      9.8057     -0.0435      1.0614     30.5642  -0.0179505
      0.2044     10.0101     -0.0479      1.0614     30.8121  -0.0131455
      0.1503     10.1604     -0.0541      1.0614     31.0795  -0.0067386
       0.093     10.2534     -0.0573      1.0614     31.3564  -0.0017742
      0.0167     10.2701     -0.0763      1.0614      31.739   0.0140011
     -0.0029     10.2672     -0.0196      1.0614     32.0335  -0.0188734
      0.0401     10.3073       0.043      1.0614     32.4034  -0.0590477
      0.0742     10.3815      0.0341      1.0614     32.6305  -0.0559081
       0.111     10.4925      0.0368      1.0614     32.8454  -0.0599955
      0.1404     10.6329      0.0294      1.0614     33.0846  -0.0576819
      0.1499     10.7828      0.0095      1.0614     33.2475  -0.0467426
      0.1465     10.9293     -0.0034      1.0614     33.4414  -0.0392449
      0.1175     11.0468      -0.029      1.0614     33.7161  -0.0225554
       0.079     11.1258     -0.0385      1.0614      33.931  -0.0148594
      0.0301     11.1559     -0.0489      1.0614      34.168  -0.0058735
     -0.0252     11.1307     -0.0553      1.0614     34.4181   0.0012495
     -0.1258     11.0049     -0.1006      1.0614     34.9001   0.0346417
     -0.0949       10.91      0.0309      1.0614     35.0904  -0.0457658
      0.0102     10.9202      0.1051      1.0614     35.2145  -0.0964122
      0.1217     11.0419      0.1115      1.0614     35.4255   -0.107084
        0.22     11.2619      0.0983      1.0614     35.6961   -0.105526
      0.2905     11.5524      0.0705      1.0614     35.8117  -0.0938062
       0.325     11.8774      0.0345      1.0614      35.899  -0.0751822
      0.3159     12.1933     -0.0091      1.0614     36.0148  -0.0494421
      0.2778     12.4711     -0.0381      1.0614     36.1169  -0.0306657
      0.2032     12.6743     -0.0746      1.0614     36.2767  -0.0050485
      0.0902     12.7645      -0.113      1.0614     36.4987   0.0242749
      0.0265      12.791     -0.0637      1.0614     36.7268    -0.00169
     -0.0239     12.7671     -0.0504      1.0614     37.0003  -0.0066751
     -0.0767     12.6904     -0.0528      1.0614     37.2929  -0.0019426
     -0.1104       12.58     -0.0337      1.0614     37.4597  -0.0111168
     -0.1505     12.4295     -0.0401      1.0614     37.6219  -0.0044995
      -0.178     12.2515     -0.0275      1.0614     37.7618  -0.0099305
     -0.1993     12.0522     -0.0213      1.0614     37.8912  -0.0118172
     -0.2141     11.8381     -0.0148      1.0614     38.0231  -0.0142165
     -0.1355     11.7026      0.0786      1.0614     38.1779  -0.0744088
       0.022     11.7246      0.1575      1.0614      38.312    -0.13095
      0.1737     11.8983      0.1517      1.0614     38.5199    -0.13679
      0.2963     12.1946      0.1226      1.0614     38.7706   -0.127329
      0.3774      12.572      0.0811      1.0614     38.8144   -0.108265
      0.3836     12.9556      0.0062      1.0614     38.8288  -0.0648356
       0.315     13.2706     -0.0686      1.0614     38.8738  -0.0169218
      0.2212     13.4918     -0.0938      1.0614     38.9542    0.002975
      0.0752      13.567      -0.146      1.0614     39.1239   0.0425374
       -0.12      13.447     -0.1952      1.0614     39.3689    0.083739
     -0.2896     13.1574     -0.1696      1.0614     39.6355   0.0790846
     -0.4345     12.7229     -0.1449      1.0614     39.7571   0.0739723
     -0.3898     12.3331      0.0447      1.0614     39.7407  -0.0412109
     -0.2216     12.1115      0.1682      1.0614     39.7048   -0.124402
     -0.0556     12.0559       0.166      1.0614     39.7906   -0.132543
      0.1401      12.196      0.1957      1.0614      40.021   -0.162134
      0.3054     12.5014      0.1653      1.0614     40.2985   -0.154397
      0.4036      12.905      0.0982      1.0614       40.37   -0.121044
      0.4675     13.3725      0.0639      1.0614       40.33   -0.105573
       0.553     13.9255      0.0855      1.0614     40.3274   -0.125151
      0.5832     14.5087      0.0302      1.0614     40.3449  -0.0954717
      0.5543      15.063     -0.0289      1.0614     40.3373  -0.0599984
      0.4336     15.4966     -0.1207      1.0614     40.3716   0.0007814
      0.2986     15.7952      -0.135      1.0614       40.44   0.0162956
      0.0678      15.863     -0.2308      1.0614     40.6436   0.0869586
      0.0174     15.8804     -0.0504      1.0614     40.8208  -0.0184104
       0.082     15.9624      0.0646      1.0614     41.1269  -0.0914032
      0.1787     16.1411      0.0967      1.0614     41.3649   -0.116808
      0.2551     16.3962      0.0764      1.0614     41.4434   -0.109824
      0.3042     16.7004      0.0491      1.0614     41.4705  -0.0972048
      0.3015     17.0019     -0.0027      1.0614     41.4932  -0.0668727
       0.252     17.2539     -0.0495      1.0614     41.5377  -0.0366777
      0.1545     17.4084     -0.0975      1.0614     41.6252  -0.0026862
      0.0179     17.4263     -0.1366      1.0614     41.7597   0.0286429
     -0.1438     17.2825     -0.1617      1.0614     41.9471   0.0535129
     -0.2849     16.9976     -0.1411      1.0614     42.1443   0.0501914
     -0.3203     16.6773     -0.0354      1.0614     42.1788  -0.0102145
     -0.1762     16.5011      0.1441      1.0614     42.1391   -0.125744
     -0.0261      16.475      0.1501      1.0614     42.1756   -0.137971
      0.1183     16.5933      0.1444      1.0614     42.3531   -0.143281
      0.2564     16.8497      0.1381      1.0614     42.5892    -0.14828
      0.5626     17.4123      0.3062      1.0614     42.6396   -0.268588
      0.9304     18.3427      0.3678      1.0614     42.5976   -0.329671
      1.1063      19.449      0.1759      1.1063     42.3834   -0.228052
      1.1665     20.6155      0.0602      1.1665      41.914   -0.165624
      1.0339     21.6494     -0.1326      1.1665     41.6915  -0.0453544
      0.8093     22.4587     -0.2246      1.1665     41.5989   0.0204445
      0.7195     23.1782     -0.0898      1.1665     41.6624  -0.0573856
      0.6684     23.8466     -0.0511      1.1665     41.8769   -0.079647
      0.5777     24.4243     -0.0907      1.1665      41.988  -0.0523595
      0.4406     24.8649     -0.1371      1.1665     42.0584  -0.0178895
      0.3742     25.2391     -0.0664      1.1665     42.1502  -0.0575809
      0.4601     25.6992      0.0859      1.1665     42.3514   -0.155323
      0.5063     26.2055      0.0462      1.1665     42.4851   -0.135702
      0.5039     26.7094     -0.0024      1.1665     42.4621   -0.107914
      0.4492     27.1586     -0.0547      1.1665     42.4553  -0.0747094
      0.3199     27.4785     -0.1293      1.1665     42.4962  -0.0234097
      0.0892     27.5677     -0.2307      1.1665     42.6093   0.0505433
      0.1937     27.7614      0.1045      1.1665     42.7839   -0.157219
      0.4571     28.2185      0.2634      1.1665     43.0149   -0.269207
      0.7396     28.9581      0.2825      1.1665     43.0276   -0.299271
      0.9277     29.8858      0.1881      1.1665      42.794   -0.256324
      0.9736     30.8594      0.0459      1.1665     42.4964   -0.176587
      0.9951     31.8545      0.0215      1.1665     42.2796   -0.166179
      0.9732     32.8277     -0.0219      1.1665     42.1984   -0.141789
      0.8129     33.6406     -0.1603      1.1665     42.1479    -0.05189
      0.6354      34.276     -0.1775      1.1665     42.1383  -0.0331812
      0.4425     34.7185     -0.1929      1.1665     42.2842  -0.0140805
      0.5075      35.226       0.065      1.1665     42.4616   -0.174113
      0.5254     35.7514      0.0179      1.1665     42.6797   -0.148467
      0.4658     36.2172     -0.0596      1.1665     42.6581   -0.099908
      0.3204     36.5376     -0.1454      1.1665     42.6658   -0.040956
      0.1357     36.6733     -0.1847      1.1665     42.7391  -0.0070705
     -0.1455     36.5278     -0.2812      1.1665     42.9249   0.0675756
     -0.2337     36.2941     -0.0882      1.1665     43.1754  -0.0424077
     -0.1028     36.1913      0.1309      1.1665       43.28   -0.181152
      0.0045     36.1958      0.1073      1.1665     43.2933   -0.173228
      0.1006     36.2964      0.0961      1.1665      43.456   -0.172384
      0.1035     36.3999      0.0029      1.1665     43.6074   -0.116943
      0.0201       36.42     -0.0834      1.1665      43.637  -0.0603858
     -0.0433     36.3767     -0.0634      1.1665     43.7181  -0.0685787
     -0.1005     36.2762     -0.0572      1.1665     43.8879  -0.0686796
     -0.2509     36.0253     -0.1504      1.1665     44.0011  -0.0032837
     -0.4083      35.617     -0.1574      1.1665     44.0427   0.0112704
     -0.3704     35.2466      0.0379      1.1665     43.9975   -0.106997
      -0.287     34.9596      0.0834      1.1665     43.8934   -0.138273
     -0.2443     34.7153      0.0427      1.1665     43.9327   -0.115597
     -0.2647     34.4506     -0.0204      1.1665     44.0631  -0.0757592
     -0.3363     34.1143     -0.0716      1.1665     44.1521  -0.0398775
     -0.4813      33.633      -0.145      1.1665     44.2097   0.0140164
     -0.7159     32.9171     -0.2346      1.1665     44.2093   0.0835309
     -0.8728     32.0443     -0.1569      1.1665     44.1254   0.0486295
      -0.877     31.1673     -0.0042      1.1665      43.957  -0.0401159
     -0.8511     30.3162      0.0259      1.1665     43.7258  -0.0571248
     -0.8181     29.4981       0.033      1.1665     43.6749  -0.0608445
      -0.779     28.7191      0.0391      1.1665     43.6664  -0.0644353
     -0.7506     27.9685      0.0284      1.1665      43.674  -0.0574107
     -0.6512     27.3173      0.0994      1.1665       43.69   -0.103822
     -0.4608     26.8565      0.1904      1.1665     43.7083   -0.168083
     -0.3048     26.5517       0.156      1.1665     43.7838   -0.155577
     -0.2026     26.3491      0.1022      1.1665     43.9765   -0.128617
     -0.1959     26.1532      0.0067      1.1665     44.1007  -0.0711174
      -0.279     25.8742     -0.0831      1.1665     44.2931  -0.0115806
     -0.4717     25.4025     -0.1927      1.1665     44.4022   0.0667711
     -0.6585      24.744     -0.1868      1.1665      44.407    0.076041
     -0.9009     23.8431     -0.2424      1.1665      44.277    0.126163
     -1.0681      22.775     -0.1672      1.1665     44.0822   0.0939448
     -1.0762     21.6988     -0.0081      1.1665     43.8326   0.0021832
     -1.0013     20.6975      0.0749      1.1665     43.5829  -0.0489571
     -0.8741     19.8234      0.1272      1.1665     43.4972  -0.0850924
     -0.7153     19.1081      0.1588      1.1665     43.5009   -0.111117
     -0.5786     18.5295      0.1367      1.1665     43.5563    -0.10405
     -0.4326     18.0969       0.146      1.1665     43.6765     -0.1168
     -0.3091     17.7878      0.1235      1.1665     43.8339   -0.109536
     -0.2582     17.5296      0.0509      1.1665     43.9922  -0.0681532
      -0.269     17.2606     -0.0108      1.1665     44.1561  -0.0296998
     -0.3242     16.9364     -0.0552      1.1665     44.2581   0.0011144
     -0.4334      16.503     -0.1092      1.1665     44.3218   0.0411482
      -0.597      15.906     -0.1636      1.1665     44.3353    0.085068
     -0.7576     15.1484     -0.1606      1.1665      44.284   0.0948556
     -0.4765     14.6719      0.2811      1.1665     44.1193   -0.185039
      -0.273     14.3989      0.2035      1.1665     43.9854   -0.149463
     -0.0619      14.337      0.2111      1.1665     44.1123   -0.166081
      0.1031     14.4401       0.165      1.1665     44.3421     -0.1483
      0.1999       14.64      0.0968      1.1665     44.5946   -0.113594
      0.2109     14.8509       0.011      1.1665     44.6718  -0.0633849
       0.169     15.0199     -0.0419      1.1665     44.6712  -0.0297217
     -0.0133     15.0066     -0.1823      1.1665     44.7364   0.0651316
     -0.1806      14.826     -0.1673      1.1665     44.8186   0.0663768
     -0.4026     14.4234      -0.222      1.1665     45.0157    0.113281
     -0.6486     13.7748      -0.246      1.1665     44.9679    0.143894
      -0.793     12.9818     -0.1444      1.1665     44.8342   0.0936886
     -0.9104     12.0714     -0.1174      1.1665     44.5638    0.087029
     -0.9178     11.1536     -0.0074      1.1665     44.3984   0.0242116
     -0.8181     10.3355      0.0997      1.1665     44.2251  -0.0433767
     -0.6153      9.7202      0.2028      1.1665     44.1544   -0.115153
     -0.4283      9.2919       0.187      1.1665     44.1848   -0.115234
     -0.1566      9.1353      0.2717      1.1665     44.3602   -0.181343
      0.0523      9.1876      0.2089      1.1665     44.5461   -0.155936
      0.2057      9.3933      0.1534      1.1665     44.8128   -0.132151
      0.2768      9.6701      0.0711      1.1665     45.0046  -0.0877247
      0.2577      9.9278     -0.0191      1.1665     44.9725    -0.03327
      0.1009     10.0287     -0.1568      1.1665     44.9503   0.0581417
     -0.0594      9.9693     -0.1603      1.1665     44.9973   0.0697173
     -0.3173       9.652     -0.2579      1.1665      45.211    0.144187
     -0.5324      9.1196     -0.2151      1.1665     45.3386     0.13258
     -0.7029      8.4167     -0.1705      1.1665     45.1793    0.117818
     -0.7961      7.6206     -0.0932      1.1665     44.9857    0.079232
     -0.8046       6.816     -0.0085      1.1665     44.8396   0.0313188
     -0.7112      6.1048      0.0934      1.1665     44.7003  -0.0331048
      -0.545      5.5598      0.1662      1.1665     44.6522  -0.0847894
     -0.2838       5.276      0.2612      1.1665     44.7107   -0.156088
     -0.0781      5.1979      0.2057      1.1665     44.8189   -0.134484
      0.1843      5.3822      0.2624      1.1665     45.0956   -0.184276
      0.3552      5.7374      0.1709      1.1665     45.3497   -0.140354
      0.6228      6.3602      0.2676      1.1665     45.3465   -0.215763
      0.4733      6.8335     -0.1495      1.1665     45.2422   0.0417481
      0.4209      7.2544     -0.0524      1.1665     44.9927  -0.0147354
      0.2821      7.5365     -0.1388      1.1665      45.057   0.0443087
      0.0306      7.5671     -0.2515      1.1665     45.1671    0.126424
     -0.1834      7.3837      -0.214      1.1665     45.3147    0.116886
     -0.3748      7.0089     -0.1914      1.1665     45.5716    0.115552
     -0.5079       6.501     -0.1331      1.1665     45.5498   0.0898152
     -0.5661      5.9349     -0.0582      1.1665     45.3655   0.0499491
     -0.5567      5.3782      0.0094      1.1665     45.2954    0.010514
      -0.453      4.9252      0.1037      1.1665     45.2276  -0.0507216
     -0.2486      4.6766      0.2044      1.1665     45.2282   -0.122251
      0.1305      4.8071      0.3791      1.1665     45.3472    -0.24945
      0.4969       5.304      0.3664      1.1665     45.5064   -0.264572
      0.8812      6.1852      0.3843      1.1665     45.6149   -0.300245
      1.1789      7.3641      0.2977      1.1789     45.2808   -0.269089
      1.2589       8.623        0.08      1.2589     44.8576   -0.146885
      1.1841      9.8071     -0.0748      1.2589     44.5406  -0.0532191
      0.9409      10.748     -0.2432      1.2589     44.3522   0.0591038
      0.6843     11.4323     -0.2566      1.2589      44.316   0.0799737
      0.4149     11.8472     -0.2694      1.2589     44.4886    0.102034
      0.2326     12.0798     -0.1823      1.2589      44.651   0.0596498
      0.0055     12.0853     -0.2271      1.2589     44.9427   0.0996851
     -0.1431     11.9422     -0.1486      1.2589     45.1681   0.0616332
     -0.2341     11.7081      -0.091      1.2589     45.4381   0.0330535
     -0.2577     11.4504     -0.0236      1.2589     45.4533  -0.0052446
     -0.0089     11.4415      0.2488      1.2589     45.4206   -0.183088
      0.3928     11.8343      0.4017      1.2589     45.4421   -0.299305
      0.7956     12.6299      0.4028      1.2589      45.652   -0.325715
       1.317     13.9469      0.5214       1.317     45.3459   -0.431067
      2.0072     15.9541      0.6902      2.0072     44.8932     -0.5784
      2.4849      18.439      0.4777      2.4849     43.8525   -0.486061
       2.674      21.113      0.1891       2.674     41.4271   -0.331891
      2.5966     23.7096     -0.0774       2.674     39.4126   -0.175292
      2.4336     26.1432      -0.163       2.674     37.5884   -0.121778
      2.4256     28.5688      -0.008       2.674     37.4691   -0.221591
      2.3345     30.9033     -0.0911       2.674     37.4054   -0.173451
      2.0727      32.976     -0.2618       2.674     37.1793  -0.0620646
       1.986      34.962     -0.0867       2.674     37.0838   -0.168054
      2.3219     37.2839      0.3359       2.674     37.1689   -0.448062
      2.5395     39.8234      0.2176       2.674     37.1247   -0.397321
      2.6131     42.4365      0.0736       2.674     36.0003   -0.323029
      2.4371     44.8736      -0.176       2.674     35.4131   -0.170373
      2.2823     47.1559     -0.1548       2.674     35.1716   -0.180961
      2.2832     49.4391      0.0009       2.674     35.1388   -0.281283
      2.1601     51.5992     -0.1231       2.674     35.1279   -0.206223
      1.8669     53.4661     -0.2932       2.674     34.9272  -0.0927585
      1.5197     54.9858     -0.3472       2.674     34.8961    -0.04478
        1.39     56.3758     -0.1297       2.674     35.0889   -0.171927
      1.2683     57.6441     -0.1217       2.674     35.3125   -0.173474
      1.0183     58.6624       -0.25       2.674     35.4404  -0.0850486
      0.7188     59.3812     -0.2995       2.674     35.5472   -0.040134
      0.2185     59.5997     -0.5003       2.674     35.8877    0.108708
      0.1104     59.7101     -0.1081       2.674     36.1728   -0.120674
      0.0951     59.8052     -0.0153       2.674     36.8082   -0.175751
      0.0747     59.8799     -0.0204       2.674     37.1007   -0.171732
      0.0208     59.9007     -0.0539       2.674     37.2449   -0.148569
      -0.105     59.7957     -0.1258       2.674     37.4256  -0.0978171
     -0.3248     59.4709     -0.2198       2.674     37.6871  -0.0276943
     -0.5231     58.9478     -0.1983       2.674     37.8058  -0.0275236
     -0.7688      58.179     -0.2457       2.674     37.7716   0.0174734
      -1.045      57.134     -0.2762       2.674     37.7044    0.054928
     -1.3353     55.7987     -0.2903       2.674     37.5633   0.0842313
     -1.6179     54.1808     -0.2826       2.674     37.3485    0.100856
     -1.7179     52.4629        -0.1       2.674     37.0736   0.0022495
     -1.6875     50.7754      0.0304       2.674      36.814  -0.0726912
     -1.6195     49.1559       0.068       2.674     36.6296  -0.0943367
     -1.5423     47.6136      0.0772       2.674     36.5614  -0.0997074
     -1.4769     46.1367      0.0654       2.674     36.5495  -0.0919899
     -1.4463     44.6904      0.0306       2.674     36.5583  -0.0685458
     -1.4253     43.2651       0.021       2.674     36.5782  -0.0597279
     -1.4344     41.8307     -0.0091       2.674     36.5789  -0.0368369
     -1.4713     40.3594     -0.0369       2.674     36.5713  -0.0136028
       -1.52     38.8394     -0.0487       2.674     36.5457   0.0008618
     -1.5918     37.2476     -0.0718       2.674     36.4842   0.0236616
     -1.6696      35.578     -0.0778       2.674     36.4033   0.0367828
      -1.755      33.823     -0.0854       2.674     36.2738    0.051561
     -1.8131     32.0099     -0.0581       2.674     36.1453   0.0439901
     -1.8482     30.1617     -0.0351       2.674     35.9981   0.0377705
     -1.8555     28.3062     -0.0073       2.674     35.8642   0.0270804
     -1.8341     26.4721      0.0214       2.674     35.7475   0.0141215
     -1.7848     24.6873      0.0493       2.674      35.655  -0.0001235
     -1.6967     22.9906      0.0881       2.674     35.5919  -0.0234232
     -1.6076      21.383      0.0891       2.674     35.5656  -0.0243682
     -1.4897     19.8933      0.1179       2.674     35.5805  -0.0440173
     -1.3657     18.5276       0.124       2.674     35.6146  -0.0507722
     -1.2228     17.3048      0.1429       2.674     35.6995   -0.066732
     -1.1276     16.1772      0.0952       2.674     35.7805  -0.0402508
     -1.0425     15.1347      0.0851       2.674     35.8905  -0.0359991
     -0.9407      14.194      0.1018       2.674     36.0258  -0.0491014
      -0.867      13.327      0.0737       2.674     36.1412   -0.033915
     -0.8072     12.5198      0.0598       2.674     36.2816  -0.0266218
     -0.7546     11.7652      0.0526       2.674     36.4361  -0.0230888
     -0.7259     11.0393      0.0287       2.674     36.5419  -0.0082357
     -0.6989     10.3404       0.027       2.674     36.6689   -0.006685
     -0.7774       9.563     -0.0785       2.674     36.7803   0.0635002
     -1.0928      8.4702     -0.3154       2.674     36.9092    0.227212
      -1.308      7.1622     -0.2152       2.674     36.9194    0.183497
     -1.5079      5.6543     -0.1999       2.674     36.6294    0.190435
     -1.6168      4.0375     -0.1089       2.674     36.4056    0.147002
     -1.8978      2.1397      -0.281       2.674     36.1799    0.272253
     -2.2322     -0.0925     -0.3344       2.674     36.0224    0.330385
     -2.4579     -2.5504     -0.2257       2.674     35.6542    0.285629
     -2.5417     -5.0921     -0.0838       2.674     35.1636    0.212975
     -2.4776     -7.5697      0.0641       2.674     34.7647     0.12795
     -2.2723      -9.842      0.2053       2.674     34.4999   0.0381394
     -2.0716    -11.9136      0.2007       2.674     34.3812   0.0354736
     -2.2701    -14.1837     -0.1985       2.674     34.4096    0.293317
     -2.3894    -16.5731     -0.1193       2.674     34.4565    0.259885
     -2.4803    -19.0534     -0.0909       2.674     34.0254    0.255558
      -2.425    -21.4784      0.0553       2.674     33.7313    0.171905
     -2.6347    -24.1131     -0.2097       2.674     33.4709    0.350972
     -2.9793    -27.0924     -0.3446      2.9793     33.3417    0.460837
     -3.1302    -30.2226     -0.1509      3.1302     32.9154    0.362759
     -3.1054     -33.328      0.0248      3.1302     30.8138    0.265217
     -3.0319    -36.3599      0.0735      3.1302     29.4402     0.24083
     -2.9366    -39.2965      0.0953      3.1302     29.2367    0.231032
      -3.031    -42.3275     -0.0944      3.1302     29.1291    0.359421
      -3.077    -45.4045      -0.046      3.1302     29.0391    0.342279
     -3.0057    -48.4102      0.0713      3.1302     28.7357    0.276781
     -2.7645    -51.1747      0.2412      3.1302     28.4415    0.169145
     -2.5572    -53.7319      0.2073      3.1302      28.361    0.185133
     -2.1039    -55.8358      0.4533      3.1302      28.446   0.0175536
     -1.7209    -57.5567       0.383      3.1302     28.5282   0.0426823
     -1.3645    -58.9212      0.3564      3.1302     28.8606   0.0420646
     -1.0093    -59.9305      0.3552      3.1302     29.2215   0.0252109
     -0.6194    -60.5499      0.3899      3.1302     29.6044  -0.0163651
     -0.2715    -60.8214      0.3479      3.1302     29.9628  -0.0105288
      0.1652    -60.6562      0.4367      3.1302      30.474   -0.089633
      0.6541    -60.0021      0.4889      3.1302      31.185   -0.151272
      0.8766    -59.1255      0.2225      3.1302     31.4812  -0.0069663
      1.1522    -57.9733      0.2756      3.1302     31.2227  -0.0582677
       1.328    -56.6453      0.1758      3.1302     31.1367  -0.0125681
      1.5566    -55.0887      0.2286      3.1302     30.9642  -0.0621767
      1.7089    -53.3798      0.1523      3.1302     30.8599  -0.0303568
      1.7865    -51.5933      0.0776      3.1302     30.6913   0.0046029
      1.8412    -49.7521      0.0547      3.1302     30.5756   0.0096467
      1.9153    -47.8368      0.0741      3.1302     30.4761   -0.012037
      1.9714    -45.8654      0.0561      3.1302     30.4192   -0.010405
      2.0532    -43.8122      0.0818      3.1302     30.3135   -0.036729
      2.1257    -41.6865      0.0725      3.1302     30.2269  -0.0417311
      2.1852    -39.5013      0.0595      3.1302     30.1308  -0.0439377
      2.2615    -37.2398      0.0763      3.1302     29.9878  -0.0652276
      2.3174    -34.9224      0.0559      3.1302     29.8685   -0.063182
        2.36    -32.5624      0.0426      3.1302     29.7267  -0.0647528
      2.3796    -30.1828      0.0196      3.1302     29.5923  -0.0592284
      2.3775    -27.8053     -0.0021      3.1302     29.4864  -0.0532191
      2.3557    -25.4496     -0.0218      3.1302     29.3595  -0.0472018
      2.3208    -23.1288     -0.0349      3.1302     29.2717    -0.04428
      2.2726    -20.8562     -0.0482      3.1302     29.2059  -0.0403222
      2.2135    -18.6427     -0.0591      3.1302     29.1579  -0.0369949
      2.1573    -16.4854     -0.0562      3.1302     29.1338  -0.0419472
       2.083    -14.4024     -0.0743      3.1302     29.1244  -0.0330268
      2.0005    -12.4019     -0.0825      3.1302      29.123  -0.0293233
      1.9104    -10.4915     -0.0901      3.1302      29.147  -0.0252687
       1.818     -8.6735     -0.0924      3.1302     29.1996  -0.0239835
      1.7804     -6.8931     -0.0376      3.1302     29.2648  -0.0600239
      1.7686     -5.1245     -0.0118      3.1302     29.3324  -0.0801253
      1.7461     -3.3784     -0.0225      3.1302     29.3766  -0.0776386
      1.7077     -1.6707     -0.0384      3.1302     29.3966  -0.0709945
      1.6498     -0.0209     -0.0579      3.1302     29.4268  -0.0608857
      1.5724      1.5515     -0.0774      3.1302     29.4768  -0.0494137
      1.4765       3.028     -0.0959      3.1302     29.5524   -0.037181
      1.3841      4.4121     -0.0924      3.1302     29.6381  -0.0380741
      1.2401      5.6522      -0.144      3.1302     29.7944  -0.0024824
      1.1048       6.757     -0.1353      3.1302     29.9399  -0.0031694
      0.9878      7.7448      -0.117      3.1302      30.108  -0.0103268
      0.8478      8.5926       -0.14      3.1302     30.3295   0.0090498
       0.709      9.3016     -0.1388      3.1302     30.5525   0.0142532
      0.5746      9.8762     -0.1344      3.1302      30.809   0.0176846
      0.4482     10.3244     -0.1264      3.1302     31.0863   0.0188712
      0.3321     10.6565     -0.1161      3.1302     31.3781   0.0184287
      0.2599     10.9164     -0.0722      3.1302     31.6802  -0.0045034
      0.3477     11.2641      0.0878      3.1302     31.9886   -0.106639
      0.5436     11.8077      0.1959      3.1302     32.2715   -0.184492
      0.7328     12.5405      0.1892      3.1302     32.4002   -0.193644
      0.8833     13.4238      0.1505      3.1302     32.3825   -0.181803
      0.9752      14.399      0.0919      3.1302     32.3409   -0.154899
      1.0016     15.4006      0.0264      3.1302     32.3142   -0.120135
      0.9717     16.3723     -0.0299      3.1302     32.3276  -0.0875355
      1.0926     17.4649      0.1209      3.1302     32.3821   -0.188306
      1.3401      18.805      0.2475      3.1302     32.5232   -0.282641
      1.4715     20.2765      0.1314      3.1302      32.503   -0.225017
       1.548     21.8245      0.0765      3.1302     32.2926   -0.201158
      1.5182     23.3427     -0.0298      3.1302     32.1653   -0.140204
      1.3984     24.7411     -0.1198      3.1302     32.1036  -0.0834505
      1.2041     25.9452     -0.1943      3.1302      32.138  -0.0310934
      0.9537     26.8989     -0.2504      3.1302     32.2677   0.0142287
      0.7162     27.6151     -0.2375      3.1302     32.4488   0.0181151
      0.6047     28.2198     -0.1115      3.1302     32.8045   -0.052832
       1.116     29.3358      0.5113      3.1302     33.1399   -0.459515
      1.6815     31.0173      0.5655      3.1302     33.3921   -0.529879
      2.1662     33.1835      0.4847      3.1302     32.8208    -0.51601
        2.48     35.6635      0.3138      3.1302     30.5613   -0.439111
      2.5666     38.2301      0.0866      3.1302     29.4377   -0.315513
      2.6199       40.85      0.0533      3.1302     28.0016   -0.306484
      2.6103     43.4603     -0.0096      3.1302     26.7236   -0.276018
      2.5531     46.0134     -0.0572      3.1302     26.6862     -0.2518
      2.3928     48.4062     -0.1603      3.1302     26.6179   -0.187821
      2.1521     50.5583     -0.2407      3.1302     26.5886   -0.132077
      1.8483     52.4066     -0.3038      3.1302     26.6698  -0.0821412
      1.4939     53.9005     -0.3544      3.1302      26.856  -0.0357077
      1.1677     55.0682     -0.3262      3.1302     27.0889  -0.0372112
      0.8214     55.8896     -0.3463      3.1302     27.4687    -0.00753
       0.872     56.7616      0.0506      3.1302     27.8775   -0.251221
      1.2203     57.9819      0.3483      3.1302      28.348   -0.453703
      1.5341      59.516      0.3138      3.1302     28.4356   -0.455806
      1.7448     61.2608      0.2107      3.1302     28.1094   -0.411401
      1.8219     63.0827      0.0771      3.1302     27.8287   -0.341178
       1.769     64.8517     -0.0529      3.1302     27.6539   -0.265417
      1.5995     66.4512     -0.1695      3.1302     27.6053   -0.190425
      1.3313     67.7825     -0.2682      3.1302     27.6835   -0.119643
      0.9839     68.7664     -0.3474      3.1302     27.8865  -0.0549254
      0.6478     69.4142     -0.3361      3.1302     28.1529   -0.044155
      0.2068      69.621      -0.441      3.1302     28.5928   0.0437426
     -0.2657     69.3553     -0.4725      3.1302     29.0778   0.0908447
     -0.7524     68.6029     -0.4867      3.1302     29.6936     0.12985
     -1.1251     67.4778     -0.3727      3.1302     29.8946   0.0864424
      -1.271     66.2068     -0.1459      3.1302      29.626  -0.0373624
     -1.3156     64.8912     -0.0446      3.1302     29.4034  -0.0916088
      -1.342     63.5492     -0.0264      3.1302      29.336  -0.0969716
     -1.3811     62.1681     -0.0391      3.1302     29.3644  -0.0829405
     -1.4335     60.7346     -0.0524      3.1302     29.4123  -0.0676208
     -1.4926      59.242     -0.0591      3.1302     29.4434  -0.0556952
      -1.596      57.646     -0.1034      3.1302     29.4635    -0.01833
     -1.4242     56.2218      0.1718      3.1302     29.4673   -0.189142
     -1.2267     54.9951      0.1975      3.1302     29.4284   -0.212337
     -0.9927     54.0024       0.234      3.1302      29.607   -0.244831
     -0.8547     53.1477       0.138      3.1302     29.8451   -0.192671
     -0.7888     52.3589      0.0659      3.1302     30.1443   -0.150866
     -0.7967     51.5622     -0.0079      3.1302     30.4157   -0.103738
     -0.8693     50.6929     -0.0726      3.1302     30.6345  -0.0580993
     -0.9947     49.6982     -0.1254      3.1302      30.788   -0.016162
     -1.1573     48.5409     -0.1626      3.1302     30.8685   0.0190607
     -1.3414     47.1995     -0.1841      3.1302     30.8806   0.0466627
     -1.5316     45.6679     -0.1902      3.1302     30.8306   0.0659491
     -1.6064     44.0615     -0.0748      3.1302     30.7307   0.0058667
     -1.4259     42.6356      0.1805      3.1302      30.618   -0.153505
      -1.184     41.4516      0.2419      3.1302     30.5612   -0.200823
     -0.9234     40.5282      0.2606      3.1302     30.7328   -0.224387
     -0.7504     39.7778       0.173      3.1302     30.9898    -0.17961
     -0.6424     39.1354       0.108      3.1302     31.3104   -0.144947
     -0.6031     38.5323      0.0393      3.1302     31.6114   -0.104197
      -0.619     37.9133     -0.0159      3.1302     31.8306  -0.0682979
     -0.6874     37.2259     -0.0684      3.1302     32.0387  -0.0307685
     -0.7984     36.4275      -0.111      3.1302     32.1924   0.0036247
     -0.9381     35.4894     -0.1397      3.1302     32.2866   0.0317616
     -1.0915     34.3979     -0.1534      3.1302     32.3227   0.0521533
     -1.2364     33.1615     -0.1449      3.1302      32.305   0.0591667
     -1.0942     32.0673      0.1422      3.1302      32.262   -0.118058
     -0.8006     31.2667      0.2936      3.1302     32.1806   -0.223525
     -0.5891     30.6776      0.2115      3.1302     32.2947   -0.184765
     -0.3195     30.3581      0.2696      3.1302     32.7172   -0.234303
     -0.2083     30.1498      0.1112      3.1302     32.9977   -0.145088
     -0.1458      30.004      0.0625      3.1302     33.3924   -0.119056
     -0.1696     29.8344     -0.0238      3.1302     33.7665  -0.0653864
     -0.2239     29.6105     -0.0543      3.1302     33.9515  -0.0432653
     -0.3988     29.2117     -0.1749      3.1302     34.2129   0.0404353
     -0.5424     28.6693     -0.1436      3.1302     34.3418   0.0316113
     -0.7037     27.9656     -0.1613      3.1302     34.3663   0.0536978
     -0.6275     27.3381      0.0762      3.1302     34.3808  -0.0913393
      -0.551     26.7871      0.0765      3.1302     34.3633  -0.0943033
     -0.4618     26.3253      0.0892      3.1302     34.5146   -0.105712
     -0.3939     25.9314      0.0679      3.1302      34.712   -0.095688
     -0.3505     25.5809      0.0434      3.1302      35.006  -0.0824537
     -0.2959      25.285      0.0546      3.1302     35.1867  -0.0914528
      -0.088      25.197      0.2079      3.1302     35.4218   -0.195227
      0.0512     25.2482      0.1392      3.1302     35.6336   -0.162234
       0.133     25.3812      0.0818      3.1302     35.9604   -0.132938
      0.1417     25.5229      0.0087      3.1302     36.2056  -0.0900073
      0.1226     25.6455     -0.0191      3.1302     36.3162  -0.0725873
      0.1386     25.7841       0.016      3.1302     36.4841  -0.0949911
      0.1034     25.8875     -0.0352      3.1302     36.6812  -0.0625397
     -0.0189     25.8686     -0.1223      3.1302     36.9014  -0.0031296
     -0.1335     25.7351     -0.1146      3.1302     37.0712  -0.0007023
     -0.1409     25.5942     -0.0074      3.1302     37.3713  -0.0641704
     -0.1402      25.454      0.0007      3.1302     37.4688  -0.0686504
     -0.1544     25.2996     -0.0142      3.1302     37.6131  -0.0584236
     -0.1918     25.1078     -0.0374      3.1302     37.7763   -0.041759
     -0.2418      24.866       -0.05      3.1302     37.9026  -0.0305736
     -0.3217     24.5443     -0.0799      3.1302     38.0283  -0.0070343
     -0.4368     24.1075     -0.1151      3.1302     38.1494   0.0220719
     -0.4475       23.66     -0.0107      3.1302     38.2258   -0.038605
     -0.4144     23.2456      0.0331      3.1302     38.2407  -0.0655616
     -0.3695     22.8761      0.0449      3.1302     38.3426  -0.0741373
     -0.3466     22.5295      0.0229      3.1302     38.4522  -0.0612257
     -0.3199     22.2096      0.0267      3.1302     38.6049  -0.0640946
     -0.1762     22.0334      0.1437      3.1302     38.7473   -0.142101
     -0.0563     21.9771      0.1199      3.1302      38.892   -0.134606
      0.0296     22.0067      0.0859      3.1302     39.1694   -0.119277
      0.0415     22.0482      0.0119      3.1302     39.3838  -0.0756916
      -0.016     22.0322     -0.0575      3.1302     39.6074  -0.0306686
     -0.1295     21.9027     -0.1135      3.1302     39.7608   0.0099029
     -0.2583     21.6444     -0.1288      3.1302     39.9072   0.0273282
     -0.3982     21.2462     -0.1399      3.1302     39.9669    0.043297
     -0.4538     20.7924     -0.0556      3.1302     39.9755  -0.0026968
     -0.5005     20.2919     -0.0467      3.1302     39.9512  -0.0038267
     -0.5435     19.7484      -0.043      3.1302      39.993  -0.0019222
     -0.5579     19.1905     -0.0144      3.1302     40.0253  -0.0165733
     -0.4539     18.7366       0.104      3.1302     40.0604  -0.0922836
     -0.3269     18.4097       0.127      3.1302     40.1137   -0.112469
     -0.2077      18.202      0.1192      3.1302     40.2621   -0.114079
     -0.1178     18.0842      0.0899      3.1302      40.461    -0.10136
     -0.0756     18.0086      0.0422      3.1302     40.6406   -0.074961
     -0.0699     17.9387      0.0057      3.1302     40.8501  -0.0531819
     -0.1128     17.8259     -0.0429      3.1302     41.0288  -0.0211953
     -0.2161     17.6098     -0.1033      3.1302     41.1974   0.0216844
     -0.3393     17.2705     -0.1232      3.1302     41.2941   0.0417879
     -0.4527     16.8178     -0.1134      3.1302      41.318   0.0438432
     -0.4787     16.3391      -0.026      3.1302      41.301  -0.0056527
     -0.4644     15.8747      0.0143      3.1302     41.2719  -0.0292689
     -0.4254     15.4493       0.039      3.1302     41.3121  -0.0450747
     -0.3818     15.0675      0.0436      3.1302     41.3866  -0.0492181
     -0.3449     14.7226      0.0369      3.1302     41.4711  -0.0463036
     -0.2075     14.5151      0.1374      3.1302     41.6054    -0.11395
     -0.0986     14.4165      0.1089      3.1302     41.7019   -0.102871
      0.0197     14.4362      0.1183      3.1302     41.9338   -0.115431
      0.0726     14.5088      0.0529      3.1302     42.1445  -0.0794772
      0.0758     14.5846      0.0032      3.1302     42.3068  -0.0500702
      0.0291     14.6137     -0.0467      3.1302     42.3993  -0.0175089
     -0.0648     14.5489     -0.0939      3.1302     42.5075   0.0164517
     -0.2065     14.3424     -0.1417      3.1302     42.6903   0.0539698
     -0.2759     14.0665     -0.0694      3.1302      42.785   0.0154427
     -0.3344     13.7321     -0.0585      3.1302     42.7659   0.0132989
     -0.3764     13.3557      -0.042      3.1302     42.7775   0.0069641
     -0.4009     12.9548     -0.0245      3.1302     42.7978  -0.0009122
     -0.4065     12.5483     -0.0056      3.1302     42.8244  -0.0107079
     -0.3943      12.154      0.0122      3.1302     42.8614  -0.0209126
     -0.3536     11.8004      0.0407      3.1302     42.9128  -0.0393124
     -0.1275     11.6729      0.2261      3.1302     42.9806   -0.163284
      0.1489     11.8218      0.2764      3.1302     43.0925   -0.209942
      0.3571     12.1789      0.2082      3.1302     43.3264   -0.182169
      0.4988     12.6777      0.1417      3.1302      43.408   -0.151984
      0.4681     13.1458     -0.0307      3.1302     43.3282  -0.0481672
      0.3344     13.4802     -0.1337      3.1302     43.2334   0.0203842
      0.1142     13.5944     -0.2202      3.1302     43.2813   0.0847132
       -0.11     13.4844     -0.2242      3.1302     43.4097    0.100447
     -0.4806     13.0038     -0.3706      3.1302     43.7566    0.211223
     -0.6762     12.3276     -0.1956      3.1302     43.8598    0.119597
     -0.7235     11.6041     -0.0473      3.1302      43.637   0.0355307
     -0.6767     10.9274      0.0468      3.1302     43.4196  -0.0216136
      -0.548     10.3794      0.1287      3.1302     43.3623  -0.0765742
     -0.3967      9.9827      0.1513      3.1302     43.3887  -0.0977195
     -0.1906      9.7921      0.2061      3.1302     43.5073   -0.141982
      0.0468      9.8389      0.2374      3.1302     43.7057   -0.174671
      0.2162     10.0551      0.1694      3.1302     43.9396   -0.144345
       0.321     10.3761      0.1048      3.1302     44.1525   -0.112626
      0.3456     10.7217      0.0246      3.1302     44.1086  -0.0669699
       0.364     11.0857      0.0184      3.1302     44.0671  -0.0654091
      0.3289     11.4146     -0.0351      3.1302       44.09    -0.03226
      0.2299     11.6445      -0.099      3.1302     44.1241   0.0111323
      0.0796     11.7241     -0.1503      3.1302     44.2018   0.0503909
     -0.1017     11.6224     -0.1813      3.1302     44.3444   0.0798114
     -0.2885     11.3339     -0.1868      3.1302     44.5501   0.0948113
     -0.4541     10.8798     -0.1656      3.1302      44.634   0.0930584
     -0.5885     10.2913     -0.1344      3.1302      44.528   0.0838991
     -0.6323       9.659     -0.0438      3.1302     44.4293   0.0339764
     -0.5331      9.1259      0.0992      3.1302     44.2995  -0.0559779
      -0.326      8.7999      0.2071      3.1302     44.2555   -0.131752
     -0.0769       8.723      0.2491      3.1302     44.3343   -0.171169
      0.1733      8.8963      0.2502      3.1302     44.5261    -0.18686
      0.3826      9.2789      0.2093      3.1302     44.7957   -0.175608
      0.5293      9.8082      0.1467      3.1302     44.8108   -0.148144
      0.5465     10.3547      0.0172      3.1302     44.6777  -0.0730811
      0.4565     10.8112       -0.09      3.1302     44.5573  -0.0049106
      0.3283     11.1395     -0.1282      3.1302     44.5421   0.0244601
      0.1704     11.3099     -0.1579      3.1302     44.6487   0.0509271
     -0.0014     11.3085     -0.1718      3.1302     44.7969   0.0692357
      -0.179     11.1295     -0.1776      3.1302     44.9926   0.0835535
     -0.3379     10.7916     -0.1589      3.1302     45.2238   0.0825634
     -0.4709     10.3207      -0.133      3.1302     45.1685   0.0761501
     -0.5223      9.7984     -0.0514      3.1302     45.0679   0.0317382
     -0.4974       9.301      0.0249      3.1302     44.9534  -0.0139938
     -0.3688      8.9322      0.1286      3.1302     44.9133  -0.0825662
     -0.1171      8.8151      0.2517      3.1302     44.9421   -0.170674
      0.2025      9.0176      0.3196      3.1302     45.0902   -0.230558
      0.4131      9.4307      0.2106      3.1302     45.2859   -0.178612
       0.616     10.0467      0.2029      3.1302     45.2694   -0.187608
      0.6733       10.72      0.0573      3.1302     45.1283   -0.105591
      0.6118     11.3318     -0.0615      3.1302     44.9403  -0.0325798
      0.3967     11.7285     -0.2151      3.1302     44.8541   0.0708659
      0.1181     11.8466     -0.2786      3.1302     44.8912     0.12477
     -0.1855     11.6611     -0.3036      3.1302     45.0686    0.157936
     -0.3224     11.3387     -0.1369      3.1302      45.346   0.0668231
     -0.3804     10.9583      -0.058      3.1302     45.3797   0.0239883
     -0.3874     10.5709      -0.007      3.1302     45.3153  -0.0050435
     -0.3211     10.2498      0.0663      3.1302     45.2858  -0.0519056
     -0.2135     10.0363      0.1076      3.1302     45.3046  -0.0822859
     -0.1024      9.9339      0.1111      3.1302     45.3725  -0.0905225
      0.0337      9.9676      0.1361      3.1302     45.5093   -0.113517
      0.1635     10.1311      0.1298      3.1302     45.6719   -0.117756
      0.3441     10.4752      0.1806      3.1302     45.8345   -0.159743
      0.4444     10.9196      0.1003      3.1302     45.8093   -0.118714
      0.4684      11.388       0.024      3.1302     45.6803  -0.0757312
      0.3861     11.7741     -0.0823      3.1302     45.5864  -0.0083361
        0.26     12.0341     -0.1261      3.1302     45.5718   0.0244777
       0.056     12.0901      -0.204      3.1302     45.6528   0.0828817
     -0.1604     11.9297     -0.2164      3.1302     45.8221    0.103354
     -0.1967      11.733     -0.0363      3.1302     46.0069  -0.0020104
     -0.2041     11.5289     -0.0074      3.1302     46.0108  -0.0183089
      -0.172     11.3569      0.0321      3.1302     46.0223  -0.0433547
     -0.1032     11.2537      0.0688      3.1302     46.0705  -0.0690555
     -0.0302     11.2235       0.073      3.1302     46.1463  -0.0757189
       0.039     11.2625      0.0692      3.1302     46.2614  -0.0775695
      0.0892     11.3517      0.0502      3.1302     46.3957  -0.0693487
      0.1051     11.4568      0.0159      3.1302     46.5032  -0.0500062
      0.0667     11.5235     -0.0384      3.1302     46.5304  -0.0153991
      0.0993     11.6228      0.0326      3.1302     46.5653  -0.0601878
      0.2927     11.9155      0.1934      3.1302     46.6729   -0.168763
      0.4297     12.3452       0.137      3.1302     46.7143   -0.144158
       0.503     12.8482      0.0733      3.1302     46.5994   -0.111699
      0.5109     13.3591      0.0079      3.1302     46.4501  -0.0744495
      0.4451     13.8042     -0.0658      3.1302     46.3857  -0.0277484
      0.3941     14.1983      -0.051      3.1302     46.3668  -0.0348527
      0.3218     14.5201     -0.0723      3.1302     46.4208  -0.0188447
      0.2262     14.7463     -0.0956      3.1302     46.4723     1.5e-06
      0.0791     14.8254     -0.1471      3.1302     46.5573    0.039196
     -0.0904      14.735     -0.1695      3.1302     46.6752   0.0627382
      -0.187      14.548     -0.0966      3.1302      46.851    0.025162
     -0.0316     14.5164      0.1554      3.1302     46.9193   -0.134956
       0.157     14.6734      0.1886      3.1302     46.8941   -0.166286
      0.3164     14.9898      0.1594      3.1302     46.9937   -0.158961
      0.4834     15.4732       0.167      3.1302     46.9338   -0.174657
      0.5435     16.0167      0.0601      3.1302     46.8123   -0.115633
       0.488     16.5047     -0.0555      3.1302     46.6263  -0.0445181
      0.3599     16.8646     -0.1281      3.1302     46.5595    0.005392
      0.1276     16.9922     -0.2323      3.1302     46.5905   0.0810026
     -0.1623     16.8299     -0.2899      3.1302     46.7053    0.132864
     -0.3362     16.4937     -0.1739      3.1302     46.9252   0.0743585
      -0.331     16.1627      0.0052      3.1302     46.9591  -0.0324101
     -0.2842     15.8785      0.0468      3.1302     46.8727  -0.0592319
     -0.1739     15.7046      0.1103      3.1302     46.8702   -0.103208
      0.0614      15.766      0.2353      3.1302      46.927   -0.192039
      0.5291     16.2951      0.4677      3.1302     47.0453   -0.360193
      0.9452     17.2403      0.4161      3.1302     47.1634   -0.356203
      1.2298     18.4701      0.2846      3.1302     46.6996   -0.297499
      1.3134     19.7835      0.0836      3.1302     46.2618   -0.185688
      1.2112     20.9947     -0.1022      3.1302     45.8536  -0.0719137
      1.1574     22.1521     -0.0538      3.1302     45.5711   -0.101306
      1.0891     23.2412     -0.0683      3.1302     45.5369  -0.0919114
      0.8435     24.0847     -0.2456      3.1302     45.4878   0.0261829
      0.5757     24.6604     -0.2678      3.1302     45.4617   0.0533082
      0.3826      25.043     -0.1931      3.1302     45.5932   0.0185402
      0.2675     25.3105     -0.1151      3.1302     45.8067  -0.0223865
      0.1454     25.4559     -0.1221      3.1302     46.0047  -0.0115409
      0.0195     25.4754     -0.1259      3.1302      46.153  -0.0020172
     -0.1095     25.3659      -0.129      3.1302     46.3139   0.0076533
     -0.2159       25.15     -0.1064      3.1302     46.4657   0.0009122
     -0.1325     25.0175      0.0834      3.1302     46.4807   -0.117408
      0.3938     25.4113      0.5263      3.1302     46.4376   -0.414854
      0.9107      26.322      0.5169      3.1302     46.5189   -0.441927
      1.2061     27.5281      0.2954      3.1302     46.2629   -0.329778
      1.5054     29.0335      0.2993      3.1302     45.4925   -0.353994
      1.6666     30.7001      0.1612      3.1302     45.0695   -0.285483
       1.681     32.3811      0.0144      3.1302     44.6195   -0.203281
      1.3859      33.767     -0.2951      3.1302     44.2323  -0.0046232
      0.9388     34.7058     -0.4471      3.1302     44.0435    0.109692
      0.7592      35.465     -0.1796      3.1302     44.1342  -0.0426686
      0.5914     36.0564     -0.1678      3.1302     44.3597  -0.0417904
      0.3047     36.3611     -0.2867      3.1302     44.5467   0.0452641
      0.0126     36.3737     -0.2921      3.1302     44.6945   0.0654081
     -0.2473     36.1264     -0.2599      3.1302     44.9162   0.0619042
     -0.5517     35.5747     -0.3044      3.1302     45.2506    0.107914
     -0.7022     34.8725     -0.1505      3.1302     45.1564   0.0264101
       -0.48     34.3925      0.2222      3.1302     44.9494   -0.208658
     -0.1078     34.2847      0.3722      3.1302     44.7622   -0.319922
      0.1632     34.4479       0.271      3.1302     44.8151   -0.275409
      0.4082     34.8561       0.245      3.1302     45.0631   -0.275244
      0.5134     35.3695      0.1052      3.1302     45.1047   -0.199006
      0.5744     35.9439       0.061      3.1302     44.9225   -0.177747
      0.5472     36.4911     -0.0272      3.1302     44.8269   -0.124891
      0.3587     36.8498     -0.1885      3.1302     44.7733   -0.018254
      0.0378     36.8876     -0.3209      3.1302     44.7978   0.0796848
     -0.1235     36.7641     -0.1613      3.1302     44.9756  -0.0063493
      -0.318     36.4461     -0.1945      3.1302     45.3584   0.0258057
     -0.5018     35.9443     -0.1838      3.1302     45.4167   0.0315515
     -0.6592     35.2851     -0.1574      3.1302     45.3302   0.0268183
     -0.8386     34.4465     -0.1794      3.1302     45.1854   0.0529393
     -0.9984     33.4481     -0.1598      3.1302     45.0379   0.0534429
      -1.145     32.3031     -0.1466      3.1302     44.8167   0.0574607
     -1.0977     31.2054      0.0473      3.1302     44.5839  -0.0583296
     -0.9258     30.2796      0.1719      3.1302     44.4101   -0.140282
     -0.6529     29.6267      0.2729      3.1302     44.3393   -0.214752
     -0.4299     29.1968       0.223      3.1302     44.4007   -0.196456
     -0.2672     28.9296      0.1627      3.1302     44.5719   -0.168911
     -0.1954     28.7342      0.0718      3.1302     44.7802   -0.117949
     -0.0536     28.6806      0.1418      3.1302     44.9752   -0.168013
     -0.0001     28.6805      0.0535      3.1302     45.1372   -0.118136
     -0.0534     28.6271     -0.0533      3.1302     45.2849  -0.0508041
     -0.2194     28.4077      -0.166      3.1302     45.4344   0.0271021
     -0.4287      27.979     -0.2093      3.1302     45.4841   0.0665076
     -0.7838     27.1952     -0.3551      3.1302     45.3964    0.176935
     -1.1033     26.0919     -0.3195      3.1302     45.2397    0.177416
     -1.3822     24.7097     -0.2789      3.1302     44.8858    0.173378
     -1.5483     23.1614     -0.1661      3.1302     44.5055    0.119977
     -1.4415     21.7199      0.1068      3.1302     44.0671  -0.0456327
     -1.1647     20.5552      0.2768      3.1302     43.7254   -0.160193
     -0.8359     19.7193      0.3288      3.1302     43.6531   -0.207956
     -0.5454     19.1739      0.2905      3.1302     43.7275   -0.200189
     -0.2314     18.9425       0.314      3.1302     43.9329   -0.231806
      0.0078     18.9503      0.2392      3.1302     44.1834   -0.200823
      0.1485     19.0988      0.1407      3.1302     44.5371   -0.150329
      0.1247     19.2235     -0.0238      3.1302     44.8281  -0.0506231
      0.0022     19.2257     -0.1225      3.1302     44.8466   0.0156953
     -0.2432     18.9825     -0.2454      3.1302     44.9247    0.104398
     -0.6149     18.3676     -0.3717      3.1302     45.1401    0.203581
     -0.9528     17.4148     -0.3379      3.1302     45.0253    0.205758
     -1.2941     16.1207     -0.3413      3.1302     44.6754    0.231476
     -1.1269     14.9938      0.1672      3.1302      44.361  -0.0799412
     -0.9262     14.0676      0.2007      3.1302     43.9186   -0.108903
     -0.5748     13.4928      0.3514      3.1302     43.8866    -0.21798
     -0.2448      13.248        0.33      3.1302     43.9939   -0.223546
      0.0553     13.3033      0.3001      3.1302     44.2306   -0.223177
      0.2124     13.5157      0.1571      3.1302     44.4345   -0.147126
      0.3711     13.8868      0.1587      3.1302     44.7201   -0.158404
      0.3786     14.2654      0.0075      3.1302     44.7038   -0.069255
       0.006     14.2714     -0.3726      3.1302     44.6029    0.180398
     -0.2521     14.0193     -0.2581      3.1302     44.6322    0.127424
     -0.5781     13.4412      -0.326      3.1302     44.9131    0.188806
     -0.9052      12.536     -0.3271      3.1302     44.8076    0.211154
     -1.1213     11.4147     -0.2161      3.1302     44.4659    0.160451
     -1.1749     10.2398     -0.0536      3.1302     44.1731   0.0695848
     -1.1157      9.1241      0.0592      3.1302     43.8918   0.0018183
     -0.9363      8.1878      0.1794      3.1302     43.7484   -0.077898
     -0.6158       7.572      0.3205      3.1302      43.713     -0.1793
     -0.2882      7.2838      0.3276      3.1302     43.7991   -0.201696
      -0.018      7.2658      0.2702      3.1302     43.9802   -0.182873
      0.2571      7.5229      0.2751      3.1302     44.2841   -0.202541
      0.4498      7.9727      0.1927      3.1302     44.6059   -0.165627
      0.5385      8.5112      0.0887      3.1302     44.4919   -0.109987
      0.4838       8.995     -0.0547      3.1302     44.3476  -0.0222254
      0.2801      9.2751     -0.2037      3.1302     44.2682   0.0781489
       0.063      9.3381     -0.2171      3.1302     44.3092   0.0985917
     -0.2304      9.1077     -0.2934      3.1302     44.4999     0.16208
     -0.5622      8.5455     -0.3318      3.1302     44.8021    0.206051
     -0.7911      7.7544     -0.2289      3.1302     44.7487    0.159961
     -0.9071      6.8473      -0.116      3.1302     44.5142     0.10167
     -0.9192      5.9281     -0.0121      3.1302     44.1903   0.0427893
     -0.7889      5.1392      0.1303      3.1302     44.0367  -0.0478414
     -0.5582       4.581      0.2307      3.1302     43.9742   -0.119787
     -0.2613      4.3197      0.2969      3.1302     44.0403   -0.175944
      0.1086      4.4283      0.3699      3.1302     44.2542   -0.241524
      0.4056      4.8339       0.297      3.1302     44.5301   -0.216227
      0.8403      5.6742      0.4347      3.1302     44.7168    -0.32658
      0.7213      6.3955      -0.119      3.1302     44.5869   0.0103781
      0.6811      7.0766     -0.0402      3.1302     43.8926  -0.0366136
      0.4678      7.5444     -0.2133      3.1302     43.8864   0.0782144
      0.2264      7.7708     -0.2414      3.1302      43.928    0.108396
      -0.103      7.6678     -0.3294      3.1302     44.0994    0.180611
     -0.4802      7.1876     -0.3772      3.1302     44.3964    0.232609
     -0.7452      6.4424      -0.265      3.1302     44.5675    0.182894
     -0.9057      5.5367     -0.1605      3.1302     44.2805     0.13222
     -0.9625      4.5742     -0.0568      3.1302     44.0296   0.0761824
     -0.8042        3.77      0.1583      3.1302     43.7684  -0.0596464
     -0.5473      3.2227      0.2569      3.1302     43.6607   -0.132065
     -0.1257       3.097      0.4216      3.1302     43.7456    -0.25496
      0.4318      3.5288      0.5575      3.1302      43.952   -0.370131
      1.0229      4.5517      0.5911      3.1302     44.3644   -0.427643
      1.3412      5.8929      0.3183      3.1302     44.1833   -0.286448
      1.5437      7.4366      0.2025      3.1302     42.4415   -0.233344
      1.4804       8.917     -0.0633      3.1302     41.8971  -0.0746342
      1.1646     10.0816     -0.3158      3.1302     41.5569   0.0916884
       0.884     10.9656     -0.2806      3.1302     41.4943   0.0841912
      0.5727     11.5383     -0.3113      3.1302     41.6798    0.118948
      0.2905     11.8288     -0.2822      3.1302      41.906    0.116985
     -0.0091     11.8197     -0.2996      3.1302     42.2429    0.144829
     -0.1804     11.6393     -0.1713      3.1302     42.5075   0.0783253
     -0.3306     11.3087     -0.1502      3.1302     42.9147   0.0753687
     -0.3663     10.9424     -0.0357      3.1302     42.9294   0.0098382
     -0.2388     10.7036      0.1275      3.1302     42.8588  -0.0947604
       0.108     10.8116      0.3468      3.1302     42.8733   -0.246779
      0.6271     11.4387      0.5191      3.1302     43.0601   -0.382148
      1.0364     12.4751      0.4093      3.1302     43.1961   -0.343117
      1.6838     14.1589      0.6474      3.1302     42.7271   -0.528577
      2.2815     16.4404      0.5977      3.1302     42.2624   -0.540268
      2.5517     18.9921      0.2702      3.1302     40.8406   -0.367095
      2.7109      21.703      0.1592      3.1302      38.739   -0.317861
      2.7093     24.4123     -0.0016      3.1302     36.9251   -0.229416
      2.5773     26.9896      -0.132      3.1302     36.6375   -0.151252
      2.4618     29.4514     -0.1155      3.1302     36.3692   -0.161839
       2.473     31.9244      0.0112      3.1302     36.2715   -0.245927
      2.3709     34.2953     -0.1021      3.1302     36.1872   -0.179138
      2.1528     36.4481     -0.2181      3.1302     35.9741   -0.103347
      2.2561     38.7042      0.1033      3.1302     35.8781   -0.308946
       2.586     41.2902      0.3299      3.1302     35.9304   -0.471799
      2.7366     44.0268      0.1506      3.1302     35.7008   -0.381163
      2.7137     46.7405     -0.0229      3.1302     32.2395   -0.283876
      2.4908     49.2313     -0.2229      3.1302     31.6862    -0.15842
       2.279     51.5103     -0.2118      3.1302     31.5284   -0.159633
      2.2403     53.7506     -0.0387      3.1302       31.58   -0.267969
      2.0957     55.8463     -0.1446      3.1302     31.6829    -0.20233
      1.8203     57.6666     -0.2754      3.1302     31.5913   -0.113337
      1.5435     59.2101     -0.2768      3.1302     31.6254   -0.101073
      1.2419      60.452     -0.3016      3.1302     31.8633  -0.0724262
      1.1146     61.5666     -0.1273      3.1302     32.1594   -0.172967
      0.9563     62.5229     -0.1583      3.1302     32.4742   -0.148054
      0.7451      63.268     -0.2112      3.1302     32.6578     -0.1063
      0.4727     63.7407     -0.2724      3.1302     32.8815  -0.0551987
      0.1453      63.886     -0.3274      3.1302     33.1846  -0.0036454
     -0.0623     63.8237     -0.2076      3.1302     33.6455  -0.0632977
     -0.0712     63.7525     -0.0089      3.1302     34.0469   -0.181788
     -0.1013     63.6512     -0.0301      3.1302     34.3664   -0.167018
     -0.1603     63.4909      -0.059      3.1302     34.5243   -0.145775
     -0.3169      63.174     -0.1566      3.1302     34.7276  -0.0771818
     -0.5217     62.6523     -0.2048      3.1302     34.8762  -0.0348183
     -0.7826     61.8697     -0.2609      3.1302     34.9355   0.0163217
     -1.0131     60.8566     -0.2305      3.1302     34.9068     0.01449
     -1.2593     59.5973     -0.2462      3.1302     34.7842   0.0419675
     -1.5472     58.0501     -0.2879      3.1302     34.6203   0.0883273
     -1.7449     56.3052     -0.1977      3.1302     34.4655   0.0509086
     -2.0115     54.2937     -0.2666      3.1302     34.1048    0.113746
     -1.9788     52.3149      0.0327      3.1302      33.879  -0.0617943
     -1.8912     50.4237      0.0876      3.1302     33.6187  -0.0941415
     -1.7464     48.6773      0.1448      3.1302     33.5131   -0.131621
     -1.6297     47.0476      0.1167      3.1302     33.5102    -0.11664
     -1.5388     45.5088      0.0909      3.1302     33.5752   -0.101816
     -1.4837     44.0251      0.0551      3.1302     33.6523  -0.0790807
     -1.4665     42.5586      0.0172      3.1302     33.7116  -0.0529388
     -1.4779     41.0807     -0.0114      3.1302     33.7629  -0.0306839
     -1.5276     39.5531     -0.0497      3.1302     33.7871  -0.0002385
     -1.5927     37.9604     -0.0651      3.1302     33.7806   0.0175554
      -1.655     36.3054     -0.0623      3.1302     33.7423   0.0244538
     -1.7413     34.5641     -0.0863      3.1302     33.6565   0.0490831
     -1.7964     32.7677     -0.0551      3.1302     33.5887   0.0389481
     -1.8533     30.9144     -0.0569      3.1302     33.4564   0.0488882
      -1.878     29.0364     -0.0247      3.1302     33.3589   0.0366348
     -1.8796     27.1568     -0.0016      3.1302     33.2729   0.0285064
     -1.8449     25.3119      0.0347      3.1302     33.1658   0.0102485
     -1.8008     23.5111      0.0441      3.1302     33.1164   0.0074531
     -1.7089     21.8022      0.0919      3.1302     33.0907  -0.0214304
     -1.6222       20.18      0.0867      3.1302     33.0869  -0.0184724
     -1.5081     18.6719      0.1141      3.1302     33.1331  -0.0370059
      -1.388     17.2839      0.1201      3.1302     33.1946  -0.0434077
     -1.2672     16.0167      0.1208      3.1302     33.2911  -0.0470325
     -1.1331     14.8836      0.1341      3.1302     33.4338   -0.059391
     -1.0116      13.872      0.1215      3.1302     33.5974  -0.0558432
     -0.9356     12.9364       0.076      3.1302     33.7375  -0.0301444
     -0.8587     12.0777      0.0769      3.1302     33.9168  -0.0325685
     -0.7849     11.2928      0.0738      3.1302     34.0967  -0.0326342
     -0.7324     10.5604      0.0525      3.1302     34.2571   -0.020702
     -0.6959      9.8645      0.0365      3.1302     34.3969  -0.0111313
     -0.6583      9.2062      0.0376      3.1302     34.5555  -0.0119972
     -0.6241      8.5821      0.0342      3.1302     34.7037  -0.0100685
     -0.6451       7.937      -0.021      3.1302     34.8549   0.0262048
     -0.8314      7.1056     -0.1863      3.1302      34.982    0.138684
     -1.1071      5.9985     -0.2757      3.1302     35.1032    0.211636
     -1.3068      4.6917     -0.1997      3.1302     35.0213    0.181539
     -1.4335      3.2582     -0.1267      3.1302     34.7971    0.149388
     -1.5054      1.7528     -0.0719      3.1302     34.6471    0.125195
     -1.9097     -0.1569     -0.4043      3.1302     34.5036    0.353813
     -2.1012     -2.2581     -0.1915      3.1302     34.4481    0.243544
     -2.3035     -4.5616     -0.2023      3.1302     33.7098    0.268668
     -2.3416     -6.9032     -0.0381      3.1302     33.3512    0.179382
     -2.2608      -9.164      0.0808      3.1302     33.0897    0.110138
     -2.0982    -11.2622      0.1626      3.1302     32.9435   0.0579222
     -1.9109    -13.1731      0.1873      3.1302     32.8953   0.0379715
     -2.1612    -15.3343     -0.2503      3.1302     32.9503    0.321532
     -2.3488    -17.6831     -0.1876      3.1302     33.0496     0.30184
     -2.4463    -20.1294     -0.0975      3.1302     32.6516    0.260774
     -2.4472    -22.5766     -0.0009      3.1302     32.3061    0.210207
     -2.7694     -25.346     -0.3222      3.1302     32.0243    0.429983
     -3.0201    -28.3661     -0.2507      3.1302     31.9017    0.410684
     -3.1934    -31.5595     -0.1733      3.1934     28.3689    0.383876
     -3.1765     -34.736      0.0169      3.1934      26.002    0.278305
      -3.039     -37.775      0.1375      3.1934     25.2331    0.207087
     -2.9231    -40.6981      0.1159      3.1934     25.0405    0.222094
     -2.9683    -43.6664     -0.0452      3.1934     24.9703    0.330281
     -3.0303    -46.6967      -0.062      3.1934     24.9838    0.353047
      -2.994    -49.6907      0.0363      3.1934     24.7911    0.300944
     -2.8633     -52.554      0.1307      3.1934     24.5813    0.245313
     -2.6877    -55.2417      0.1756      3.1934      24.496    0.216252
     -2.3568    -57.5985      0.3309      3.1934     24.5124     0.11095
     -2.0658    -59.6643       0.291      3.1934      24.577    0.124209
     -1.6373    -61.3016      0.4285      3.1934     24.8777   0.0217682
     -1.3539    -62.6555      0.2834      3.1934     25.1553   0.0964527
      -1.108    -63.7635      0.2459      3.1934      25.516    0.108014
     -0.7838    -64.5473      0.3242      3.1934     25.8929   0.0445823
      -0.356    -64.9033      0.4278      3.1934     26.3252  -0.0413221
      0.0473     -64.856      0.4033      3.1934     26.7994  -0.0501554
      0.4683    -64.3877       0.421      3.1934     27.4145  -0.0865983
      0.7609    -63.6268      0.2926      3.1934     27.8978  -0.0288118
      1.0107    -62.6161      0.2498      3.1934     27.8337  -0.0206523
      1.2501     -61.366      0.2394      3.1934     27.7594  -0.0320478
      1.5238    -59.8422      0.2737      3.1934     27.6764  -0.0730738
       1.753    -58.0892      0.2292      3.1934     27.5795  -0.0649264
      1.9354    -56.1538      0.1824      3.1934     27.4429  -0.0532318
      2.1263    -54.0275      0.1909      3.1934     27.2459  -0.0757829
      2.2493    -51.7782       0.123      3.1934     27.0659  -0.0489248
      2.3383    -49.4399       0.089      3.1934     26.8795  -0.0407017
      2.4008    -47.0391      0.0625      3.1934     26.7519  -0.0356291
      2.4752    -44.5639      0.0744      3.1934     26.5988  -0.0545099
      2.5286    -42.0353      0.0534      3.1934      26.482  -0.0525929
      2.5718    -39.4635      0.0432      3.1934     26.3481  -0.0566939
      2.5993    -36.8642      0.0275      3.1934     26.2436  -0.0566668
      2.6241    -34.2401      0.0248      3.1934     26.1037  -0.0643575
      2.6323    -31.6078      0.0082      3.1934     25.9944    -0.06277
      2.6255    -28.9823     -0.0068      3.1934     25.8689  -0.0612521
      2.6054    -26.3769     -0.0201      3.1934     25.7751  -0.0599225
      2.5746    -23.8023     -0.0308      3.1934     25.7094  -0.0594399
        2.52    -21.2823     -0.0546      3.1934     25.6476  -0.0495531
      2.3748    -18.9075     -0.1452      3.1934     25.5838   0.0061041
      2.3024    -16.6051     -0.0724      3.1934      25.572  -0.0402839
       2.215    -14.3901     -0.0874      3.1934     25.6469  -0.0328597
       2.111    -12.2791      -0.104      3.1934      25.691  -0.0232007
      2.0333    -10.2458     -0.0777      3.1934     25.7376   -0.040574
      1.9215     -8.3243     -0.1118      3.1934     25.8403  -0.0193941
       1.821     -6.5033     -0.1005      3.1934     25.9202  -0.0258081
       1.717     -4.7863      -0.104      3.1934     26.0412  -0.0228271
      1.6283      -3.158     -0.0887      3.1934     26.1485  -0.0317474
      1.5457     -1.6123     -0.0826      3.1934     26.2954  -0.0352537
      1.4987     -0.1136      -0.047      3.1934     26.4671  -0.0583838
      1.4631      1.3495     -0.0356      3.1934     26.6195  -0.0675483
      1.4191      2.7686      -0.044      3.1934     26.7487  -0.0642136
      1.3624       4.131     -0.0567      3.1934     26.8705  -0.0573922
      1.2919      5.4229     -0.0705      3.1934     27.0039  -0.0488989
      1.2077      6.6306     -0.0842      3.1934     27.1556  -0.0394184
      1.1113      7.7419     -0.0964      3.1934     27.3286  -0.0298411
      1.0046      8.7465     -0.1067      3.1934     27.5239  -0.0204863
      0.9102      9.6567     -0.0944      3.1934     27.7049  -0.0251217
       0.773     10.4297     -0.1372      3.1934     27.9869   0.0061969
      0.6516     11.0813     -0.1214      3.1934     28.2309   0.0018033
      0.5305     11.6118     -0.1211      3.1934     28.5243   0.0070556
      0.4132      12.025     -0.1173      3.1934     28.8259   0.0103394
       0.319      12.344     -0.0942      3.1934     29.0886    0.000986
      0.2121     12.5561     -0.1069      3.1934     29.4167   0.0141699
      0.1119      12.668     -0.1002      3.1934     29.7383   0.0156258
      0.0067     12.6747     -0.1052      3.1934     30.1366   0.0247073
      0.0856     12.7603      0.0789      3.1934     30.4273  -0.0905857
      0.1951     12.9554      0.1095      3.1934     30.8526   -0.115882
      0.4218     13.3772      0.2267      3.1934      31.083   -0.200616
      0.5663     13.9435      0.1445      3.1934     31.2002   -0.161376
      0.7141     14.6576      0.1478      3.1934      31.189   -0.174071
      0.7728     15.4304      0.0587      3.1934     31.2229   -0.126334
      0.7899     16.2203      0.0171      3.1934      31.245   -0.104735
      0.7965     17.0168      0.0066      3.1934      31.331   -0.101207
      1.0101     18.0269      0.2136      3.1934     31.4544   -0.240827
      1.2198     19.2467      0.2097      3.1934     31.5861   -0.254309
      1.3652     20.6119      0.1454      3.1934     31.4885   -0.228257
       1.424     22.0359      0.0588      3.1934     31.3545    -0.18398
      1.4058     23.4417     -0.0182      3.1934     31.2797   -0.140942
      1.3107     24.7524     -0.0951      3.1934     31.2633  -0.0932178
      1.1479     25.9003     -0.1628      3.1934     31.3182  -0.0465991
      0.9314     26.8317     -0.2165      3.1934     31.4521  -0.0046163
      0.7215     27.5532     -0.2099      3.1934     31.6291   0.0014334
      0.6046     28.1578     -0.1169      3.1934     32.0196  -0.0494002
        1.12     29.2778      0.5154      3.1934     32.3407   -0.462033
      1.6839     30.9617      0.5639      3.1934     32.6048   -0.528891
      2.1674     33.1291      0.4835      3.1934     32.0412   -0.515197
      2.4431     35.5722      0.2757      3.1934     30.1932   -0.413836
      2.5724     38.1446      0.1293      3.1934      28.699   -0.341213
      2.6332     40.7778      0.0608      3.1934     27.4324   -0.311539
      2.6151     43.3929     -0.0181      3.1934     27.1306   -0.270995
      2.5159     45.9088     -0.0992      3.1934     27.0135   -0.224129
      2.2718     48.1806     -0.2441      3.1934     26.9206   -0.129846
      1.9257     50.1063     -0.3461      3.1934     26.9286  -0.0543495
      1.6322     51.7385     -0.2935      3.1934     27.0605  -0.0737831
      1.1785      52.917     -0.4537      3.1934     27.4136    0.045116
      0.8507     53.7677     -0.3278      3.1934     27.6731  -0.0139637
      0.7856     54.5533     -0.0651      3.1934     28.0708   -0.170165
      1.1576     55.7109       0.372      3.1934     28.6097   -0.457474
      1.5076     57.2185        0.35      3.1934     28.8327   -0.469096
      1.7657     58.9842      0.2581      3.1934     28.4664   -0.434223
      1.8874     60.8716      0.1217      3.1934     28.1343   -0.365104
      1.8842     62.7558     -0.0032      3.1934     27.9391   -0.295631
      1.7669     64.5227     -0.1173      3.1934     27.8348   -0.225668
       1.542     66.0647     -0.2249      3.1934     27.8483    -0.15269
       1.228     67.2927      -0.314      3.1934     27.9791  -0.0847021
      0.8438     68.1365     -0.3842      3.1934     28.2331  -0.0228299
      0.4842     68.6207     -0.3596      3.1934     28.5399  -0.0181857
      0.0229     68.6436     -0.4613      3.1934     29.0261    0.069521
     -0.5439     68.0997     -0.5668      3.1934     29.6398    0.167327
     -1.0033     67.0964     -0.4594      3.1934     30.2905    0.132542
     -1.1395     65.9569     -0.1362      3.1934     30.1072  -0.0500597
     -1.1838     64.7731     -0.0443      3.1934     29.8719  -0.0990789
     -1.2247     63.5484     -0.0409      3.1934     29.8065  -0.0950726
     -1.2594      62.289     -0.0347      3.1934     29.8358  -0.0930018
     -1.3287     60.9603     -0.0693      3.1934     29.8937  -0.0642363
     -1.4114     59.5489     -0.0827      3.1934     29.9445  -0.0471655
      -1.538     58.0109     -0.1266      3.1934     29.9646  -0.0088687
     -1.3794     56.6315      0.1586      3.1934     29.9578   -0.185049
     -1.1505      55.481      0.2289      3.1934     29.8925   -0.237054
     -0.9529     54.5281      0.1976      3.1934     30.0277   -0.226876
     -0.8348     53.6933      0.1181      3.1934     30.2342   -0.183522
     -0.7594     52.9339      0.0754      3.1934     30.5172   -0.159997
     -0.7544     52.1795       0.005      3.1934     30.7688   -0.115783
     -0.8149     51.3646     -0.0605      3.1934     30.9912  -0.0705296
     -0.9567     50.4079     -0.1418      3.1934     31.1828  -0.0106551
     -1.0651     49.3428     -0.1084      3.1934     31.2489  -0.0212126
     -1.3103     48.0325     -0.2452      3.1934     31.2476   0.0790199
      -1.475     46.5575     -0.1647      3.1934     31.2485   0.0446975
     -1.5682     44.9893     -0.0932      3.1934     31.1001   0.0119077
     -1.3525     43.6368      0.2157      3.1934     30.9838   -0.181885
     -1.1506     42.4862      0.2019      3.1934     30.9277   -0.181864
     -0.9295     41.5567      0.2211      3.1934     31.0847   -0.203419
     -0.7563     40.8004      0.1732      3.1934     31.3238   -0.182456
     -0.6429     40.1575      0.1134      3.1934      31.611   -0.151224
     -0.5945      39.563      0.0484      3.1934      31.948   -0.113248
     -0.6234     38.9396     -0.0289      3.1934     32.2076  -0.0633216
     -0.7097     38.2299     -0.0863      3.1934     32.4193  -0.0217471
      -0.816     37.4139     -0.1063      3.1934     32.5377  -0.0011337
     -0.9687     36.4452     -0.1527      3.1934     32.6086    0.038469
     -1.1355     35.3097     -0.1668      3.1934     32.6399   0.0600099
     -1.2785     34.0312      -0.143      3.1934     32.6066   0.0578594
     -1.0454     32.9858      0.2331      3.1934     32.5049   -0.178184
     -0.8363     32.1495      0.2091      3.1934     32.4395   -0.173403
     -0.5642     31.5853      0.2721      3.1934      32.671   -0.225292
     -0.3807     31.2046      0.1835      3.1934     32.9503   -0.181633
     -0.2762     30.9284      0.1045      3.1934     33.2416   -0.139466
     -0.2146     30.7138      0.0616      3.1934     33.6399   -0.116655
     -0.2368      30.477     -0.0222      3.1934      33.933  -0.0643766
     -0.3213     30.1557     -0.0845      3.1934      34.192  -0.0211317
     -0.4559     29.6998     -0.1346      3.1934     34.3784   0.0181028
      -0.653     29.0468     -0.1971      3.1934     34.5085   0.0689936
     -0.7127     28.3341     -0.0597      3.1934     34.5458  -0.0078457
     -0.6301      27.704      0.0826      3.1934     34.4988  -0.0961262
     -0.5368     27.1672      0.0933      3.1934     34.5449   -0.106347
     -0.4528     26.7144       0.084      3.1934      34.712   -0.104281
     -0.4026     26.3118      0.0502      3.1934     34.8856  -0.0857046
      -0.371     25.9408      0.0316      3.1934     35.1401  -0.0752644
     -0.2806     25.6602      0.0904      3.1934      35.341   -0.114946
     -0.0782      25.582      0.2024      3.1934      35.558    -0.19365
      0.0348     25.6168       0.113      3.1934     35.7505   -0.146669
      0.1195     25.7363      0.0847      3.1934      36.139    -0.13496
      0.1129     25.8492     -0.0066      3.1934     36.3931  -0.0801358
      0.1084     25.9576     -0.0045      3.1934     36.6691    -0.08146
      0.0566     26.0142     -0.0518      3.1934     36.8579  -0.0502454
     -0.0233     25.9909     -0.0799      3.1934     37.0117  -0.0286813
     -0.1773     25.8136      -0.154      3.1934     37.2759   0.0252426
     -0.1786      25.635     -0.0013      3.1934     37.4594  -0.0657662
     -0.1722     25.4628      0.0064      3.1934     37.5153  -0.0702408
     -0.1778      25.285     -0.0056      3.1934     37.6511  -0.0621826
     -0.1993     25.0857     -0.0215      3.1934      37.786  -0.0507977
     -0.2577      24.828     -0.0584      3.1934     37.9647  -0.0244974
     -0.3191     24.5089     -0.0614      3.1934     38.0786  -0.0181789
     -0.4091     24.0998       -0.09      3.1934     38.1757   0.0054284
     -0.4566     23.6432     -0.0475      3.1934     38.2548  -0.0159468
      -0.413     23.2302      0.0436      3.1934     38.2968  -0.0718966
     -0.3629     22.8673      0.0501      3.1934     38.3693  -0.0776137
     -0.3344     22.5329      0.0285      3.1934     38.4786  -0.0653035
     -0.3184     22.2145       0.016      3.1934     38.6365  -0.0577763
     -0.1935      22.021      0.1249      3.1934     38.7849    -0.12978
     -0.0687     21.9523      0.1248      3.1934     38.9229   -0.136752
       0.027     21.9793      0.0957      3.1934     39.1829   -0.124924
      0.0486     22.0279      0.0216      3.1934     39.3945  -0.0818625
      0.0262     22.0541     -0.0224      3.1934      39.566  -0.0542419
     -0.0542     21.9999     -0.0804      3.1934     39.7136  -0.0146161
     -0.1832     21.8167      -0.129      3.1934     39.8861   0.0225755
     -0.3451     21.4716     -0.1619      3.1934     40.0206    0.052741
     -0.4186      21.053     -0.0735      3.1934     40.0541   0.0052198
     -0.4548     20.5982     -0.0362      3.1934     40.0266  -0.0136962
     -0.4868     20.1114      -0.032      3.1934     40.0444  -0.0128998
     -0.5103     19.6011     -0.0235      3.1934     40.0945  -0.0151059
     -0.4813     19.1198       0.029      3.1934     40.1471   -0.046844
      -0.343     18.7768      0.1383      3.1934     40.2111   -0.119416
     -0.2439     18.5329      0.0991      3.1934     40.2895   -0.100913
     -0.1333     18.3996      0.1106      3.1934     40.5135   -0.113827
     -0.0815     18.3181      0.0518      3.1934     40.7122  -0.0813073
      -0.075     18.2431      0.0065      3.1934     40.8912  -0.0542793
     -0.1132     18.1299     -0.0382      3.1934     41.0775  -0.0249041
      -0.179     17.9509     -0.0658      3.1934     41.2004  -0.0039907
     -0.2884     17.6625     -0.1094      3.1934     41.3005   0.0293797
     -0.4414     17.2211      -0.153      3.1934     41.3719   0.0657379
     -0.5176     16.7035     -0.0762      3.1934     41.3788   0.0256303
      -0.509     16.1945      0.0086      3.1934     41.3196  -0.0242215
     -0.4758     15.7187      0.0332      3.1934     41.3045  -0.0394797
     -0.4258     15.2929        0.05      3.1934     41.3608  -0.0511823
     -0.3701     14.9228      0.0557      3.1934     41.4504  -0.0567226
     -0.2965     14.6263      0.0736      3.1934      41.562  -0.0708419
     -0.1513      14.475      0.1452      3.1934     41.6875    -0.12177
     -0.0248     14.4502      0.1265      3.1934     41.8357   -0.117812
      0.0754     14.5256      0.1002      3.1934     42.0875    -0.10807
      0.1027     14.6283      0.0273      3.1934     42.3199  -0.0662215
      0.0691     14.6974     -0.0336      3.1934      42.417    -0.02794
      -0.003     14.6944     -0.0721      3.1934     42.4893  -0.0006492
     -0.1538     14.5406     -0.1508      3.1934      42.651   0.0557786
     -0.2534     14.2872     -0.0996      3.1934     42.7967   0.0315956
     -0.3289     13.9583     -0.0755      3.1934      42.792   0.0225013
      -0.391     13.5673     -0.0621      3.1934     42.7831   0.0192361
     -0.4345     13.1328     -0.0435      3.1934     42.7877   0.0119026
     -0.4541     12.6787     -0.0196      3.1934     42.7939    6.17e-05
     -0.4549     12.2238     -0.0008      3.1934     42.8125  -0.0098072
     -0.4326     11.7912      0.0223      3.1934     42.8445  -0.0236628
     -0.3266     11.4646       0.106      3.1934     42.8925   -0.079051
      -0.079     11.3856      0.2476      3.1934     42.9621   -0.178135
      0.1254      11.511      0.2044      3.1934     43.0781   -0.164446
      0.3334     11.8444       0.208      3.1934     43.3406    -0.17967
      0.4816      12.326      0.1482      3.1934     43.4329   -0.153831
      0.4357     12.7617     -0.0459      3.1934     43.3063  -0.0360157
      0.3165     13.0782     -0.1192      3.1934     43.2237   0.0139284
      0.0566     13.1348     -0.2599      3.1934     43.3006    0.113253
     -0.2183     12.9165     -0.2749      3.1934      43.455    0.138852
     -0.4967     12.4198     -0.2784      3.1934     43.7349    0.158589
     -0.6808      11.739     -0.1841      3.1934      43.714    0.114729
     -0.7075     11.0315     -0.0267      3.1934     43.5459   0.0239605
      -0.659     10.3725      0.0485      3.1934     43.3787  -0.0219955
     -0.4791      9.8934      0.1799      3.1934     43.3344   -0.109832
     -0.2843      9.6091      0.1948      3.1934     43.3768   -0.129218
     -0.0744      9.5347      0.2099      3.1934     43.5352   -0.150229
      0.1147      9.6494      0.1891      3.1934      43.754   -0.149061
      0.2729      9.9223      0.1582      3.1934     44.0605   -0.140515
      0.3309     10.2532       0.058      3.1934      44.144  -0.0847518
      0.3419     10.5951       0.011      3.1934     44.0991  -0.0582155
      0.3637     10.9588      0.0218      3.1934     44.0927   -0.067051
      0.2982      11.257     -0.0655      3.1934     44.1464  -0.0117666
      0.1833     11.4403     -0.1149      3.1934     44.1782   0.0239877
      0.0542     11.4945     -0.1291      3.1934     44.2608   0.0398329
     -0.1195      11.375     -0.1737      3.1934     44.4244    0.077026
     -0.3214     11.0536     -0.2019      3.1934      44.657     0.10662
     -0.4694     10.5842      -0.148      3.1934     44.7044   0.0842726
     -0.5671     10.0171     -0.0977      3.1934     44.5911   0.0614605
     -0.5888      9.4283     -0.0217      3.1934     44.4988   0.0188855
     -0.4636      8.9647      0.1252      3.1934     44.4211  -0.0751253
     -0.2295      8.7352      0.2341      3.1934     44.4019   -0.153355
      0.0062      8.7414      0.2357      3.1934     44.5083   -0.168004
      0.2287      8.9701      0.2225      3.1934       44.73   -0.173675
       0.399      9.3691      0.1703      3.1934     44.9986   -0.153429
      0.4893      9.8584      0.0903      3.1934     44.9219   -0.112135
      0.4846      10.343     -0.0047      3.1934      44.798  -0.0563158
      0.3722     10.7152     -0.1124      3.1934     44.7221   0.0137068
      0.2835     10.9987     -0.0887      3.1934     44.7373   0.0037809
      0.1584     11.1571     -0.1251      3.1934     44.8538   0.0324015
     -0.0207     11.1364     -0.1791      3.1934     45.0061   0.0752514
     -0.1832     10.9532     -0.1625      3.1934     45.1751    0.075266
     -0.3281     10.6251     -0.1449      3.1934     45.3721   0.0740945
     -0.4191      10.206      -0.091      3.1934     45.3512   0.0482898
     -0.4852      9.7208     -0.0661      3.1934     45.2477   0.0386392
     -0.4799      9.2409      0.0053      3.1934     45.1897  -0.0030685
     -0.3263      8.9146      0.1536      3.1934     45.1406  -0.0999784
     -0.0969      8.8177      0.2294      3.1934     45.1538   -0.158473
      0.1889      9.0066      0.2858      3.1934     45.3193   -0.209456
      0.4038      9.4104      0.2149      3.1934     45.5551   -0.180592
      0.5281      9.9385      0.1243      3.1934     45.5584   -0.135025
      0.5862     10.5247      0.0581      3.1934     45.4069   -0.100434
      0.5232     11.0479      -0.063      3.1934     45.2776  -0.0256893
      0.3642     11.4121      -0.159      3.1934     45.2198   0.0400401
      0.1301     11.5422     -0.2341      3.1934     45.2665   0.0982876
     -0.0913     11.4509     -0.2214      3.1934     45.4147    0.103783
     -0.1853     11.2656      -0.094      3.1934     45.6978   0.0333506
     -0.2208     11.0448     -0.0355      3.1934     45.8222    0.000972
     -0.2061     10.8387      0.0147      3.1934     45.8206  -0.0293823
     -0.1619     10.6768      0.0442      3.1934     45.8305  -0.0491602
     -0.0684     10.6084      0.0935      3.1934     45.8992   -0.083958
      0.0251     10.6335      0.0935      3.1934     45.9902  -0.0894563
      0.1117     10.7452      0.0866      3.1934     46.1298  -0.0906742
      0.2102     10.9554      0.0985      3.1934     46.2299   -0.104158
      0.3353     11.2907      0.1251      3.1934     46.2347    -0.12838
      0.3836     11.6743      0.0483      3.1934     46.2037  -0.0862517
      0.3742     12.0485     -0.0094      3.1934     46.1067  -0.0522091
      0.2891     12.3376     -0.0851      3.1934      46.076  -0.0027206
      0.1427     12.4803     -0.1464      3.1934     46.1002   0.0421225
     -0.0131     12.4672     -0.1558      3.1934     46.1784   0.0568382
     -0.1066     12.3606     -0.0935      3.1934     46.3462    0.025201
     -0.0988     12.2618      0.0078      3.1934     46.5919   -0.035735
     -0.0632     12.1986      0.0356      3.1934     46.6069  -0.0542902
     -0.0096      12.189      0.0536      3.1934     46.6571  -0.0681702
      0.0373     12.2263      0.0469      3.1934     46.7306  -0.0669823
      0.0893     12.3156       0.052      3.1934     46.8631  -0.0733262
      0.1093     12.4249        0.02      3.1934     46.9183  -0.0556141
      0.0924     12.5173     -0.0169      3.1934     46.9371  -0.0327711
      0.0503     12.5676     -0.0421      3.1934     46.9644  -0.0153602
      0.0404      12.608     -0.0099      3.1934     47.0312  -0.0342272
      0.0947     12.7027      0.0543      3.1934     47.1431  -0.0761807
      0.2434     12.9461      0.1487      3.1934     47.2199   -0.142176
      0.3478     13.2939      0.1044      3.1934      47.233   -0.122694
      0.4256     13.7195      0.0778      3.1934      47.132   -0.112523
      0.4264     14.1459      0.0008      3.1934     47.0303  -0.0676489
      0.3918     14.5377     -0.0346      3.1934     46.9599  -0.0455775
      0.3866     14.9243     -0.0052      3.1934     46.9528  -0.0640757
      0.3203     15.2446     -0.0663      3.1934     46.9875  -0.0245312
      0.1476     15.3922     -0.1727      3.1934     47.0097   0.0488826
     -0.0353     15.3569     -0.1829      3.1934     47.0772   0.0657167
     -0.1878     15.1691     -0.1525      3.1934     47.2148   0.0568851
     -0.0567     15.1124      0.1311      3.1934     47.3747   -0.120709
      0.0939     15.2063      0.1506      3.1934     47.3213   -0.141425
      0.2503     15.4566      0.1564      3.1934     47.4187   -0.154727
       0.368     15.8246      0.1177      3.1934     47.4437   -0.139438
      0.4186     16.2432      0.0506      3.1934     47.3398   -0.103368
      0.3841     16.6273     -0.0345      3.1934     47.2355  -0.0514597
      0.2881     16.9154      -0.096      3.1934     47.1911   -0.009856
       0.067     16.9824     -0.2211      3.1934     47.2236   0.0778268
     -0.1815     16.8009     -0.2485      3.1934     47.3182    0.109224
      -0.323     16.4779     -0.1415      3.1934     47.5276   0.0542003
     -0.2625     16.2154      0.0605      3.1934       47.49  -0.0697212
     -0.1781     16.0373      0.0844      3.1934     47.4068  -0.0884221
      -0.031     16.0063      0.1471      3.1934      47.452   -0.134481
      0.2789     16.2852      0.3099      3.1934     47.5491   -0.250972
       0.738     17.0232      0.4591      3.1934     47.7069   -0.369334
      1.1596     18.1828      0.4216      3.1934     47.4687   -0.374765
      1.3395     19.5223      0.1799      3.1934     46.9342   -0.244198
      1.2881     20.8104     -0.0514      3.1934     46.3647   -0.106301
      1.0885     21.8989     -0.1996      3.1934     46.0884  -0.0090697
      1.0463     22.9452     -0.0422      3.1934     45.9873   -0.104201
      0.9053     23.8505      -0.141      3.1934     46.0461  -0.0394589
      0.6078     24.4583     -0.2975      3.1934      46.004   0.0698727
      0.2944     24.7527     -0.3134      3.1934     46.0469   0.0967067
      0.1951     24.9478     -0.0993      3.1934     46.2485  -0.0265792
      0.1128     25.0606     -0.0823      3.1934     46.5304  -0.0323442
      0.0443     25.1049     -0.0685      3.1934     46.6881  -0.0367841
     -0.0228     25.0821     -0.0671      3.1934     46.8158  -0.0336639
     -0.0932     24.9889     -0.0704      3.1934     46.9417  -0.0273211
      -0.161     24.8279     -0.0678      3.1934     47.0358  -0.0244657
      0.1174     24.9453      0.2784      3.1934     47.0489   -0.248685
      0.8491     25.7944      0.7317      3.1934      47.033   -0.565651
      1.2668     27.0612      0.4177      3.1934     47.0118   -0.405278
      1.5716     28.6328      0.3048      3.1934     44.7693   -0.359931
      1.7944     30.4272      0.2228      3.1934     42.4871   -0.329037
      1.8863     32.3135      0.0919      3.1934     42.0369   -0.261486
      1.8602     34.1737     -0.0261      3.1934     41.7182   -0.194753
      1.6344     35.8081     -0.2258      3.1934     41.4584  -0.0667395
      1.2237     37.0318     -0.4107      3.1934     41.3174     0.06435
      1.0067     38.0385      -0.217      3.1934     41.3734  -0.0423041
       0.887     38.9255     -0.1197      3.1934     41.5739  -0.0964025
      0.6983     39.6238     -0.1887      3.1934     41.7599  -0.0461528
      0.4554     40.0792     -0.2429      3.1934      41.858  -0.0009108
      0.2145     40.2937     -0.2409      3.1934     42.0005   0.0112179
     -0.1035     40.1902      -0.318      3.1934     42.2587   0.0762324
     -0.4369     39.7533     -0.3334      3.1934     42.5577     0.10612
     -0.6394     39.1139     -0.2025      3.1934     42.7699   0.0412435
     -0.4613     38.6526      0.1781      3.1934      42.593   -0.196062
     -0.2367     38.4159      0.2246      3.1934     42.4284   -0.236279
