#    p_error     i_error     d_error   max_error       speed     control
           0           0           0           0           0           0
           0           0           0           0           0           0
      0.7598      0.7598      0.7598      0.7598       0.438   -0.497669
      0.7598      1.5196           0      0.7598       0.438  -0.0440684
      0.7598      2.2794           0      0.7598        2.19  -0.0463478
      0.7598      3.0392           0      0.7598       4.818  -0.0486272
      0.7599      3.7991      0.0001      0.7599      6.7858  -0.0509721
      0.7598      4.5589     -0.0001      0.7599       0.464  -0.0531263
      0.7595      5.3184     -0.0003      0.7599      1.7678  -0.0552692
      0.7589      6.0773     -0.0006      0.7599      0.6679  -0.0573347
      0.7584      6.8357     -0.0005      0.7599      0.7152  -0.0596439
      0.7578      7.5935     -0.0006      0.7599      0.8371  -0.0618261
      0.7568      8.3503      -0.001      0.7599      0.9809  -0.0638045
      0.7558      9.1061      -0.001      0.7599       1.188  -0.0660199
      0.7539        9.86     -0.0019      0.7599      1.4522  -0.0676428
      0.7519     10.6119      -0.002      0.7599      1.7379  -0.0697345
        0.75     11.3619     -0.0019      0.7599       1.982  -0.0719457
      0.7459     12.1078     -0.0041      0.7599      2.4312  -0.0726502
      0.7424     12.8502     -0.0035      0.7599      2.8109  -0.0750554
      0.7371     13.5873     -0.0053      0.7599      3.2987  -0.0759111
      0.7307      14.318     -0.0064      0.7599      3.8074  -0.0771104
      0.7229     15.0409     -0.0078      0.7599      4.3061  -0.0780335
      0.7169     15.7578      -0.006      0.7599      4.6326  -0.0809522
      0.7065     16.4643     -0.0104      0.7599        5.12  -0.0798909
      0.6942     17.1585     -0.0123      0.7599       5.601  -0.0801939
      0.6824     17.8409     -0.0118      0.7599      6.0019  -0.0819275
      0.6663     18.5072     -0.0161      0.7599      6.4812  -0.0805092
      0.6476     19.1548     -0.0187      0.7599      6.9561  -0.0799196
      0.6263     19.7811     -0.0213      0.7599      7.4313  -0.0791309
      0.6106     20.3917     -0.0157      0.7599       7.906  -0.0835063
      0.5973      20.989     -0.0133      0.7599      8.3804  -0.0860466
      0.5873     21.5763       -0.01      0.7599      8.6919  -0.0892685
      0.5759     22.1522     -0.0114      0.7599       9.231  -0.0895634
       0.566     22.7182     -0.0099      0.7599      9.6856  -0.0916466
      0.5525     23.2707     -0.0135      0.7599     10.1375  -0.0904421
       0.535     23.8057     -0.0175      0.7599     10.5841  -0.0887371
       0.513     24.3187      -0.022      0.7599     11.0304  -0.0864321
      0.4862     24.8049     -0.0268      0.7599     11.6289  -0.0836171
      0.4606     25.2655     -0.0256      0.7599      11.811  -0.0843877
      0.4374     25.7029     -0.0232      0.7599     12.1041  -0.0859335
      0.4049     26.1078     -0.0325      0.7599     12.5295  -0.0798782
      0.3682      26.476     -0.0367      0.7599     12.6723  -0.0765544
      0.3359     26.8119     -0.0323      0.7599     12.8597  -0.0785225
      0.3011      27.113     -0.0348      0.7599     13.3288  -0.0761162
       0.233      27.346     -0.0681      0.7599     14.0401   -0.053294
      0.1671     27.5131     -0.0659      0.7599     14.6447  -0.0516885
      0.1081     27.6212      -0.059      0.7599     14.8788  -0.0530848
        0.02     27.6412     -0.0881      0.7599     15.5239  -0.0311036
      -0.062     27.5792      -0.082      0.7599     15.9603  -0.0303136
     -0.1482      27.431     -0.0862      0.7599     16.4303  -0.0228666
     -0.2229     27.2081     -0.0747      0.7599     16.9453  -0.0252135
     -0.3301      26.878     -0.1072      0.7599     17.1129   0.0008512
      -0.425      26.453     -0.0949      0.7599     17.4086   -0.000319
     -0.5197     25.9333     -0.0947      0.7599     17.6876   0.0060445
     -0.6129     25.3204     -0.0932      0.7599     17.9591   0.0118296
     -0.7044      24.616     -0.0915      0.7599     18.2362   0.0176808
     -0.7785     23.8375     -0.0741      0.7785     18.8142   0.0134295
     -0.8635      22.974      -0.085      0.8635     19.0398     0.02698
     -0.9575     22.0165      -0.094      0.9575      18.971   0.0401405
     -1.0278     20.9887     -0.0703      1.0278      19.184   0.0326595
     -1.0663     19.9224     -0.0385      1.0663     19.3696   0.0187804
     -1.0741     18.8483     -0.0078      1.0741     19.8313   0.0039883
     -1.0742     17.7741     -0.0001      1.0742      20.032   0.0025961
     -1.0696     16.7045      0.0046      1.0742     20.2554   0.0027457
      -1.061     15.6435      0.0086      1.0742     20.4849   0.0030815
     -1.0482     14.5953      0.0128      1.0742     20.7167   0.0030405
     -1.0311     13.5642      0.0171      1.0742     20.9502   0.0026646
     -1.0133     12.5509      0.0178      1.0742     20.9057   0.0043589
     -0.9878     11.5631      0.0255      1.0742     21.1565   0.0013763
     -0.9525     10.6106      0.0353      1.0742     21.6657  -0.0034818
     -0.9176       9.693      0.0349      1.0742     21.9108  -0.0023038
     -0.8857      8.8073      0.0319      1.0742     21.9389   0.0004945
      -0.844      7.9633      0.0417      1.0742     22.2176  -0.0050219
      -0.798      7.1653       0.046      1.0742     22.4981  -0.0075999
     -0.7395      6.4258      0.0585      1.0742     22.9326  -0.0159234
     -0.6859      5.7399      0.0536      1.0742     23.1991  -0.0137129
     -0.6301      5.1098      0.0558      1.0742     23.4859  -0.0160442
     -0.5727      4.5371      0.0574      1.0742     23.7788  -0.0182709
     -0.5133      4.0238      0.0594      1.0742     24.0812  -0.0210198
     -0.4305      3.5933      0.0828      1.0742     24.3923  -0.0380739
     -0.3113       3.282      0.1192      1.0742     24.7118  -0.0651784
     -0.2088      3.0732      0.1025      1.0742     24.9989   -0.059862
     -0.0736      2.9996      0.1352      1.0742     25.4572  -0.0862916
      0.0488      3.0484      0.1224      1.0742      25.917  -0.0851228
      0.1393      3.1877      0.0905      1.0742      26.349  -0.0711067
      0.2123         3.4       0.073      1.0742      26.698  -0.0650396
        0.26        3.66      0.0477      1.0742     26.8982    -0.05312
      0.3028      3.9628      0.0428      1.0742     27.1206   -0.053314
      0.3316      4.2944      0.0288      1.0742     27.3548  -0.0474064
      0.3477      4.6421      0.0161      1.0742     27.5851  -0.0416667
      0.3518      4.9939      0.0041      1.0742     27.8192  -0.0357353
      0.3473      5.3412     -0.0045      1.0742     28.0187  -0.0313832
       0.331      5.6722     -0.0163      1.0742     28.3064  -0.0244486
       0.337      6.0092       0.006      1.0742     28.5578  -0.0391516
      0.3829      6.3921      0.0459      1.0742     28.8184  -0.0666271
      0.4269       6.819       0.044      1.0742     29.0588  -0.0690558
      0.4552      7.2742      0.0283      1.0742     29.2235   -0.062473
      0.4767      7.7509      0.0215      1.0742     29.4393  -0.0609411
      0.4774      8.2283      0.0007      1.0742     29.6305  -0.0499297
      0.4528      8.6811     -0.0246      1.0742     29.8862  -0.0348289
      0.4162      9.0973     -0.0366      1.0742     30.0917  -0.0269743
      0.3762      9.4735       -0.04      1.0742     30.2813  -0.0239829
        0.32      9.7935     -0.0562      1.0742     30.5242  -0.0123005
       0.246     10.0395      -0.074      1.0742     30.8158   0.0014895
      0.1785      10.218     -0.0675      1.0742     31.0834    0.000564
      0.1144     10.3324     -0.0641      1.0742      31.374    0.001514
      0.1038     10.4362     -0.0106      1.0742      31.718  -0.0303462
      0.1269     10.5631      0.0231      1.0742     32.0159  -0.0521481
      0.1525     10.7156      0.0256      1.0742     32.2714  -0.0554368
      0.1728     10.8884      0.0203      1.0742     32.4883  -0.0538308
      0.1829     11.0713      0.0101      1.0742     32.7273  -0.0487847
      0.1772     11.2485     -0.0057      1.0742     32.9304  -0.0395399
      0.1617     11.4102     -0.0155      1.0742     33.1033   -0.033339
      0.1249     11.5351     -0.0368      1.0742     33.3591  -0.0190201
      0.0812     11.6163     -0.0437      1.0742     33.5866  -0.0128513
      0.0204     11.6367     -0.0608      1.0742     33.8753   0.0005091
     -0.0362     11.6005     -0.0566      1.0742     34.1333   0.0010409
     -0.1251     11.4754     -0.0889      1.0742     34.6882    0.025419
     -0.0699     11.4055      0.0552      1.0742     34.8344  -0.0637017
      0.0393     11.4448      0.1092      1.0742      34.969   -0.101898
      0.1685     11.6133      0.1292      1.0742     35.2461   -0.121122
      0.2468     11.8601      0.0783      1.0742       35.44  -0.0953939
      0.3176     12.1777      0.0708      1.0742     35.5412  -0.0955283
      0.3359     12.5136      0.0183      1.0742     35.6248  -0.0659876
      0.3312     12.8448     -0.0047      1.0742     35.6921  -0.0529368
      0.3104     13.1552     -0.0208      1.0742     35.7822  -0.0431264
      0.2543     13.4095     -0.0561      1.0742     35.9424  -0.0197921
      0.1877     13.5972     -0.0666      1.0742     36.0887   -0.010592
      0.0986     13.6958     -0.0891      1.0742     36.2988   0.0072454
      0.0461     13.7419     -0.0525      1.0742     36.5285  -0.0121229
      0.0009     13.7428     -0.0452      1.0742     36.7865  -0.0141552
     -0.0436     13.6992     -0.0445      1.0742     37.0268  -0.0121304
     -0.0951     13.6041     -0.0515      1.0742     37.3003  -0.0049671
      -0.131     13.4731     -0.0359      1.0742      37.436  -0.0120673
     -0.1774     13.2957     -0.0464      1.0742     37.5905  -0.0028223
      -0.207     13.0887     -0.0296      1.0742     37.7034  -0.0107421
     -0.2425     12.8462     -0.0355      1.0742      37.844  -0.0046286
     -0.1932      12.653      0.0493      1.0742     37.9695  -0.0574926
     -0.0515     12.6015      0.1417      1.0742     38.0855   -0.120147
      0.1126     12.7141      0.1641      1.0742     38.2975   -0.142458
      0.2291     12.9432      0.1165      1.0742     38.5646   -0.120643
      0.3003     13.2435      0.0712      1.0742     38.6852  -0.0980661
      0.3165       13.56      0.0162      1.0742     38.7288   -0.066858
      0.2661     13.8261     -0.0504      1.0742     38.7997  -0.0250755
      0.1887     14.0148     -0.0774      1.0742     38.8851  -0.0054168
      0.0395     14.0543     -0.1492      1.0742     39.0786   0.0453031
     -0.1117     13.9426     -0.1512      1.0742     39.2802   0.0547006
     -0.2654     13.6772     -0.1537      1.0742     39.5528   0.0649892
     -0.4021     13.2751     -0.1367      1.0742     39.6631   0.0631039
     -0.4089     12.8662     -0.0068      1.0742     39.6632  -0.0132558
     -0.2264     12.6398      0.1825      1.0742     39.6378   -0.135647
     -0.0352     12.6046      0.1912      1.0742     39.7126   -0.150703
      0.1526     12.7572      0.1878      1.0742     39.9417   -0.158887
      0.3028       13.06      0.1502      1.0742     40.2382   -0.145046
      0.3945     13.4545      0.0917      1.0742      40.299   -0.115898
      0.4238     13.8783      0.0293      1.0742     40.2775  -0.0812525
      0.4967      14.375      0.0729      1.0742      40.286   -0.112693
      0.5035     14.8785      0.0068      1.0742     40.3316  -0.0748975
      0.4379     15.3164     -0.0656      1.0742     40.3487    -0.02936
      0.3154     15.6318     -0.1225      1.0742      40.409   0.0102038
      0.1476     15.7794     -0.1678      1.0742     40.5394   0.0456666
     -0.0475     15.7319     -0.1951      1.0742     40.7353   0.0723343
     -0.0302     15.7017      0.0173      1.0742     40.9474  -0.0559147
      0.0594     15.7611      0.0896      1.0742     41.1728   -0.104132
      0.1609      15.922      0.1015      1.0742      41.331   -0.117033
      0.2576     16.1796      0.0967      1.0742     41.4492   -0.119954
      0.3003     16.4799      0.0427      1.0742     41.4796  -0.0906753
       0.292     16.7719     -0.0083      1.0742     41.4903  -0.0605197
      0.2434     17.0153     -0.0486      1.0742     41.5295  -0.0345427
      0.1406     17.1559     -0.1028      1.0742     41.6238   0.0029011
     -0.0009      17.155     -0.1415      1.0742     41.7599   0.0334818
     -0.1663     16.9887     -0.1654      1.0742     41.9527   0.0569215
     -0.3359     16.6528     -0.1696      1.0742     42.1963   0.0692684
      -0.338     16.3148     -0.0021      1.0742     42.2063  -0.0301084
     -0.2132     16.1016      0.1248      1.0742      42.136   -0.112098
     -0.0377     16.0639      0.1755      1.0742     42.1996   -0.151531
      0.1073     16.1712       0.145      1.0742     42.3684   -0.141093
      0.2512     16.4224      0.1439      1.0742     42.6127    -0.14867
      0.5593     16.9817      0.3081      1.0742     42.6816   -0.264889
       0.878     17.8597      0.3187      1.0742     42.6467   -0.290455
      1.0886     18.9483      0.2106      1.0886      42.386   -0.239812
      1.1497      20.098      0.0611      1.1497     42.0549   -0.156738
      1.0501     21.1481     -0.0996      1.1497     41.8064  -0.0582895
      0.7676     21.9157     -0.2825      1.1497     41.6768   0.0638377
      0.7436     22.6593      -0.024      1.1497     41.7043  -0.0922451
      0.7163     23.3756     -0.0273      1.1497     41.9561  -0.0909944
      0.6666     24.0422     -0.0497      1.1497     42.0095  -0.0769698
      0.5814     24.6236     -0.0852      1.1497     42.0377  -0.0529836
      0.4969     25.1205     -0.0845      1.1497     42.1121  -0.0505003
      0.5675      25.688      0.0706      1.1497     42.2001   -0.148934
      0.6185     26.3065       0.051      1.1497     42.3236   -0.141682
      0.6094     26.9159     -0.0091      1.1497     42.2965   -0.106977
      0.5216     27.4375     -0.0878      1.1497     42.2717  -0.0567557
      0.3588     27.7963     -0.1628      1.1497     42.3029  -0.0043665
      0.1739     27.9702     -0.1849      1.1497      42.394   0.0179866
      0.1296     28.0998     -0.0443      1.1497     42.6271  -0.0644586
      0.3779     28.4777      0.2483      1.1497     42.8337   -0.254064
       0.658     29.1357      0.2801      1.1497     42.9888   -0.289683
      0.8422     29.9779      0.1842      1.1497     42.8315   -0.244248
      0.9416     30.9195      0.0994      1.1497     42.5888   -0.201362
       0.956     31.8755      0.0144      1.1497     42.3845   -0.153978
        1.04     32.9155       0.084      1.1497     42.2596   -0.203227
      1.0156     33.9311     -0.0244      1.1497      42.221   -0.139965
      0.8638     34.7949     -0.1518      1.1497     42.1079  -0.0582223
        0.64     35.4349     -0.2238      1.1497     42.0859  -0.0053047
      0.6813     36.1162      0.0413      1.1497     42.2165   -0.168556
      0.7334     36.8496      0.0521      1.1497     42.3869   -0.179946
      0.7183     37.5679     -0.0151      1.1497     42.3689   -0.140995
      0.6501      38.218     -0.0682      1.1497      42.333   -0.107539
      0.4262     38.6442     -0.2239      1.1497     42.3486   -0.003755
      0.1359     38.7801     -0.2903      1.1497     42.4241   0.0507729
     -0.2157     38.5644     -0.3516      1.1497     42.6505    0.106483
     -0.2415     38.3229     -0.0258      1.1497     42.9815  -0.0869307
     -0.1474     38.1755      0.0941      1.1497     43.0362   -0.163322
     -0.0625      38.113      0.0849      1.1497     43.0623   -0.162029
       0.009      38.122      0.0715      1.1497     43.2097   -0.157734
      0.0038     38.1258     -0.0052      1.1497     43.3455   -0.111455
     -0.0969     38.0289     -0.1007      1.1497     43.5491  -0.0486279
     -0.0979      37.931      -0.001      1.1497     43.6742   -0.108102
      -0.171       37.76     -0.0731      1.1497     43.7096   -0.060528
     -0.3116     37.4484     -0.1406      1.1497     43.7863   -0.011782
      -0.394     37.0544     -0.0824      1.1497     43.8201  -0.0412352
     -0.3163     36.7381      0.0777      1.1497     43.7631   -0.140387
     -0.2842     36.4539      0.0321      1.1497     43.7338   -0.113843
     -0.2933     36.1606     -0.0091      1.1497     43.7968  -0.0877702
     -0.3811     35.7795     -0.0878      1.1497     43.9038  -0.0348413
     -0.5257     35.2538     -0.1446      1.1497     43.9643    0.008335
     -0.7592     34.4946     -0.2335      1.1497      43.947   0.0760946
     -0.9521     33.5425     -0.1929      1.1497     43.8747   0.0646217
     -1.0255      32.517     -0.0734      1.1497     43.6679   -0.000185
     -1.0055     31.5115        0.02      1.1497     43.4558  -0.0542485
     -0.9607     30.5508      0.0448      1.1497     43.3291   -0.068576
     -0.9065     29.6443      0.0542      1.1497     43.2856  -0.0743149
     -0.8535     28.7908       0.053      1.1497     43.2813  -0.0737904
     -0.8225     27.9683       0.031      1.1497     43.2936  -0.0597349
     -0.6481     27.3202      0.1744      1.1497     43.3186   -0.152899
     -0.4797     26.8405      0.1684      1.1497     43.3342   -0.156617
     -0.3759     26.4646      0.1038      1.1497     43.4294   -0.122127
     -0.3174     26.1472      0.0585      1.1497     43.6252  -0.0970368
     -0.3565     25.7907     -0.0391      1.1497     43.7728  -0.0353741
     -0.4746     25.3161     -0.1181      1.1497     43.8899   0.0195909
      -0.692     24.6241     -0.2174      1.1497     43.9294   0.0925517
     -0.8786     23.7455     -0.1866      1.1497     43.8843   0.0864107
     -1.0929     22.6526     -0.2143      1.1497     43.6976    0.117453
     -1.1553     21.4973     -0.0624      1.1553        43.5   0.0330237
     -1.1222     20.3751      0.0331      1.1553     43.2517  -0.0226309
     -1.0312     19.3439       0.091      1.1553     43.1131  -0.0590093
     -0.9009      18.443      0.1303      1.1553     43.0682  -0.0866622
     -0.7534     17.6896      0.1475      1.1553     43.0897   -0.102392
     -0.6117     17.0779      0.1417      1.1553     43.1651   -0.104445
     -0.4802     16.5977      0.1315      1.1553     43.3002   -0.103723
     -0.4127      16.185      0.0675      1.1553     43.4367  -0.0675946
     -0.3972     15.7878      0.0155      1.1553     43.5852   -0.036009
     -0.4341     15.3537     -0.0369      1.1553     43.7005  -0.0013479
     -0.5305     14.8232     -0.0964      1.1553     43.7819   0.0409564
     -0.6429     14.1803     -0.1124      1.1553     43.8004   0.0583299
     -0.7476     13.4327     -0.1047      1.1553     43.7501   0.0613971
      -0.799     12.6337     -0.0514      1.1553     43.6844   0.0344869
       -0.47     12.1637       0.329      1.1553     43.5534   -0.209451
     -0.1771     11.9866      0.2929      1.1553     43.4751   -0.202491
      0.0684      12.055      0.2455      1.1553     43.6589   -0.187022
      0.2221     12.2771      0.1537      1.1553     43.9098   -0.140601
      0.3238     12.6009      0.1017      1.1553      44.107    -0.11566
      0.3185     12.9194     -0.0053      1.1553     44.0726  -0.0521402
      0.2111     13.1305     -0.1074      1.1553     44.0345   0.0140713
      0.0242     13.1547     -0.1869      1.1553     44.0824   0.0714175
     -0.2553     12.8994     -0.2795      1.1553     44.2556    0.142277
     -0.5086     12.3908     -0.2533      1.1553     44.4914    0.141255
     -0.7286     11.6622       -0.22      1.1553     44.3904    0.134901
     -0.8592      10.803     -0.1306      1.1553       44.22   0.0906294
     -0.9393      9.8637     -0.0801      1.1553     43.9712   0.0673125
     -0.9071      8.9566      0.0322      1.1553     43.8178   0.0009794
     -0.7608      8.1958      0.1463      1.1553     43.6842  -0.0728058
     -0.5599      7.6359      0.2009      1.1553     43.6624   -0.114333
     -0.4037      7.2322      0.1562      1.1553     43.7149  -0.0944242
     -0.1295      7.1027      0.2742      1.1553     43.9145   -0.179094
      0.0833       7.186      0.2128      1.1553     44.0921    -0.15357
      0.2452      7.4312      0.1619      1.1553     44.3656   -0.132184
      0.3285      7.7597      0.0833      1.1553     44.5177  -0.0903411
       0.332      8.0917      0.0035      1.1553      44.484  -0.0436391
      0.2611      8.3528     -0.0709      1.1553     44.4529   0.0039044
      0.1233      8.4761     -0.1378      1.1553     44.4891   0.0508401
     -0.0912      8.3849     -0.2145      1.1553     44.6167    0.108288
     -0.3228      8.0621     -0.2316      1.1553     44.8294    0.131559
       -0.47      7.5921     -0.1472      1.1553     44.9218   0.0899837
     -0.6065      6.9856     -0.1365      1.1553     44.7627   0.0924812
     -0.6417      6.3439     -0.0352      1.1553     44.6461   0.0354567
     -0.5968      5.7471      0.0449      1.1553     44.5276  -0.0131477
     -0.4768      5.2703        0.12      1.1553     44.4827  -0.0630173
     -0.3009      4.9694      0.1759      1.1553     44.5148   -0.104801
     -0.0957      4.8737      0.2052      1.1553      44.625   -0.132765
      0.1717      5.0454      0.2674      1.1553     44.8718   -0.184505
      0.3093      5.3547      0.1376      1.1553     45.0684   -0.114708
       0.495      5.8497      0.1857      1.1553     45.0876   -0.154709
      0.5404      6.3901      0.0454      1.1553     45.0243  -0.0745111
      0.4361      6.8262     -0.1043      1.1553     44.8545   0.0194242
      0.3541      7.1803      -0.082      1.1553     44.8132   0.0092459
      0.1778      7.3581     -0.1763      1.1553     44.9212   0.0744601
     -0.0015      7.3566     -0.1793      1.1553     45.0326   0.0855882
     -0.2074      7.1492     -0.2059      1.1553     45.2589    0.112877
     -0.3486      6.8006     -0.1412      1.1553      45.491   0.0824454
     -0.4315      6.3691     -0.0829      1.1553     45.4179   0.0530707
     -0.4548      5.9143     -0.0233      1.1553     45.3047   0.0198867
     -0.3856      5.5287      0.0692      1.1553     45.2955  -0.0380549
     -0.2526      5.2761       0.133      1.1553     45.2277  -0.0824931
     -0.0921       5.184      0.1605      1.1553     45.3012   -0.107063
      0.3428      5.5268      0.4349      1.1553     45.4574   -0.295346
      0.7944      6.3212      0.4516      1.1553     45.6878   -0.331232
      1.0994      7.4206       0.305      1.1553      45.471   -0.262431
      1.2504       8.671       0.151      1.2504     44.9978   -0.181634
       1.221       9.892     -0.0294      1.2504     44.6184   -0.075528
      1.0211     10.9131     -0.1999      1.2504     44.3749   0.0341035
      0.7625     11.6756     -0.2586      1.2504     44.2928   0.0804832
      0.5852     12.2608     -0.1773      1.2504     44.3706   0.0391672
      0.3782      12.639      -0.207      1.2504     44.5469   0.0666166
      0.2046     12.8436     -0.1736      1.2504     44.6881     0.05499
     -0.0179     12.8257     -0.2225      1.2504     44.9299   0.0959537
     -0.1717      12.654     -0.1538      1.2504     45.1442   0.0632464
     -0.2738     12.3802     -0.1021      1.2504     45.3825    0.038357
      0.0788      12.459      0.3526      1.2504     45.3223   -0.253035
       0.402      12.861      0.3232      1.2504      45.289   -0.253407
      0.7807     13.6417      0.3787      1.2504     45.3821   -0.308742
      1.4487     15.0904       0.668      1.4487     45.1545   -0.521404
      2.2154     17.3058      0.7667      2.2154     44.6713   -0.627138
      2.5816     19.8874      0.3662      2.5816     42.6937   -0.413625
      2.7362     22.6236      0.1546      2.7362     39.5728   -0.302913
      2.6062     25.2298       -0.13      2.7362     37.6668   -0.133212
      2.5549     27.7847     -0.0513      2.7362      35.916   -0.185429
      2.5899     30.3746       0.035      2.7362     35.8681   -0.246799
      2.4866     32.8612     -0.1033      2.7362     35.7251   -0.165907
      2.2605     35.1217     -0.2261      2.7362     35.4791  -0.0872511
      2.2316     37.3533     -0.0289      2.7362     35.3879   -0.210763
      2.5573     39.9106      0.3257      2.7362     35.4354   -0.448131
      2.7531     42.6637      0.1958      2.7531      35.316   -0.388632
      2.8099     45.4736      0.0568      2.8099      33.364   -0.316616
      2.7044      48.178     -0.1055      2.8099     32.7643   -0.221863
      2.4645     50.6425     -0.2399      2.8099     32.4976   -0.136142
       2.399     53.0415     -0.0655      2.8099     32.3903   -0.244573
      2.3681     55.4096     -0.0309      2.8099      32.439    -0.27083
      2.1815     57.5911     -0.1866      2.8099     32.3316   -0.174251
      1.9144     59.5055     -0.2671      2.8099     32.2158   -0.117805
       1.546     61.0515     -0.3684      2.8099      32.286  -0.0425065
      1.4615      62.513     -0.0845      2.8099       32.43   -0.212837
      1.3118     63.8248     -0.1497      2.8099     32.7968   -0.169868
      1.1188     64.9436      -0.193      2.8099     32.8806   -0.137208
       0.852     65.7956     -0.2668      2.8099     33.0334  -0.0816108
      0.5192     66.3148     -0.3328      2.8099     33.2603  -0.0262628
      0.1167     66.4315     -0.4025      2.8099     33.6437   0.0361371
      0.0611     66.4926     -0.0556      2.8099     34.0735   -0.169295
      0.0067     66.4993     -0.0544      2.8099     34.6132   -0.167206
     -0.0788     66.4205     -0.0855      2.8099      34.879   -0.143864
     -0.2547     66.1658     -0.1759      2.8099     35.1722   -0.079713
      -0.475     65.6908     -0.2203      2.8099     35.3281  -0.0401924
      -0.723     64.9678      -0.248      2.8099     35.3699  -0.0085074
     -0.9625     64.0053     -0.2395      2.8099       35.33   0.0017341
     -1.1792     62.8261     -0.2167      2.8099     35.2415   0.0028601
     -1.4476     61.3785     -0.2684      2.8099      35.099   0.0521797
     -1.7622     59.6163     -0.3146      2.8099     34.9148    0.101545
     -2.0198     57.5965     -0.2576      2.8099     34.6779   0.0868001
     -2.1643     55.4322     -0.1445      2.8099     34.4037    0.032947
     -2.1137     53.3185      0.0506      2.8099     34.0256  -0.0804031
     -2.0445      51.274      0.0692      2.8099     33.8172   -0.089028
     -1.9392     49.3348      0.1053      2.8099     33.7118   -0.110346
     -1.8733     47.4615      0.0659      2.8099     33.6787  -0.0845129
     -1.8159     45.6456      0.0574      2.8099     33.6848    -0.07695
     -1.7863     43.8593      0.0296      2.8099     33.6825  -0.0564503
     -1.7843      42.075       0.002      2.8099     33.6792  -0.0346414
     -1.8075     40.2675     -0.0232      2.8099     33.6597  -0.0128925
     -1.8498     38.4177     -0.0423      2.8099     33.6173   0.0063165
     -1.9033     36.5144     -0.0535      2.8099     33.5494   0.0215284
     -1.9503     34.5641      -0.047      2.8099     33.4738   0.0259233
     -2.0017     32.5624     -0.0514      2.8099      33.364   0.0372412
     -2.0421     30.5203     -0.0404      2.8099     33.2522   0.0388683
     -2.0679     28.4524     -0.0258      2.8099     33.1107   0.0376536
     -2.0675     26.3849      0.0004      2.8099     32.9932   0.0281153
     -2.0496     24.3353      0.0179      2.8099     32.9033   0.0228333
     -1.9986     22.3367       0.051      2.8099     32.8053   0.0063171
     -1.9316     20.4051       0.067      2.8099     32.7413  -0.0009721
     -1.8401      18.565      0.0915      2.8099     32.7129  -0.0149098
     -1.7282     16.8368      0.1119      2.8099     32.7113   -0.027784
     -1.6273     15.2095      0.1009      2.8099     32.7378  -0.0215489
     -1.4814     13.7281      0.1459      2.8099     32.8175  -0.0516915
     -1.3337     12.3944      0.1477      2.8099      32.907  -0.0564508
     -1.2316     11.1628      0.1021      2.8099     33.0128  -0.0307052
     -1.1194     10.0434      0.1122      2.8099     33.1698  -0.0392414
     -1.0011      9.0423      0.1183      2.8099     33.3313  -0.0460497
     -0.9239      8.1184      0.0772      2.8099     33.4617  -0.0226324
     -0.8412      7.2772      0.0827      2.8099     33.6413  -0.0277092
     -0.7672        6.51       0.074      2.8099     33.8019  -0.0240356
     -0.7213      5.7887      0.0459      2.8099     33.9155  -0.0073985
     -0.6572      5.1315      0.0641      2.8099     34.0913  -0.0196801
     -0.5954      4.5361      0.0618      2.8099     34.2503  -0.0197275
     -0.5463      3.9898      0.0491      2.8099     34.4279  -0.0130218
      -0.669      3.3208     -0.1227      2.8099     34.6136   0.0984456
     -0.8858       2.435     -0.2168      2.8099     34.7953    0.168837
     -1.0834      1.3516     -0.1976      2.8099     34.8097    0.170842
     -1.1871      0.1645     -0.1037      2.8099     34.7289    0.123456
     -1.2913     -1.1268     -0.1042      2.8099     34.5654    0.133048
     -1.4751     -2.6019     -0.1838      2.8099     34.5097    0.194791
      -1.825     -4.4269     -0.3499      2.8099     34.4365    0.318121
     -2.0515     -6.4784     -0.2265      2.8099     34.2894    0.262013
     -2.2025     -8.6809      -0.151      2.8099     33.9395    0.231173
     -2.2793    -10.9602     -0.0768      2.8099     33.5653    0.197484
     -2.2294    -13.1896      0.0499      2.8099     33.3517    0.125558
     -2.0644     -15.254       0.165      2.8099     33.1566   0.0541108
     -1.9942    -17.2482      0.0702      2.8099     33.0915    0.113323
     -2.2882    -19.5364      -0.294      2.8099     33.1483    0.353996
     -2.4941    -22.0305     -0.2059      2.8099     33.1384    0.319325
     -2.5994    -24.6299     -0.1053      2.8099     32.5833    0.272239
     -2.4694    -27.0993        0.13      2.8099     32.2664    0.131707
     -2.8174    -29.9167      -0.348      2.8174     32.0375    0.445055
     -3.1826    -33.0993     -0.3652      3.1826     31.9917    0.483913
      -3.312    -36.4113     -0.1294       3.312     30.4797    0.359098
     -3.3606    -39.7719     -0.0486      3.3606     28.9178    0.323227
     -3.3432    -43.1151      0.0174      3.3606     27.6146    0.292752
     -3.1861    -46.3012      0.1571      3.3606     27.2602    0.210321
      -3.141    -49.4422      0.0451      3.3606     27.0578    0.284599
     -3.2255    -52.6677     -0.0845      3.3606     27.0075    0.376429
     -3.2683     -55.936     -0.0428      3.3606     26.8668     0.36344
     -3.2013    -59.1373       0.067      3.3606     26.5688    0.303679
     -2.9797     -62.117      0.2216      3.3606       26.28    0.208335
     -2.7362    -64.8532      0.2435      3.3606     26.1761    0.190742
     -2.4366    -67.2898      0.2996      3.3606      26.217    0.148813
     -1.9394    -69.2292      0.4972      3.3606     26.3516   0.0102164
      -1.571    -70.8002      0.3684      3.3606     26.5545   0.0730526
     -1.2252    -72.0254      0.3458      3.3606     26.9815   0.0723066
     -0.8467    -72.8721      0.3785      3.3606     27.3762   0.0355447
     -0.4312    -73.3033      0.4155      3.3606     27.7965  -0.0069677
      0.0166    -73.2867      0.4478      3.3606       28.29  -0.0496831
      0.4882    -72.7985      0.4716      3.3606     28.8747  -0.0899509
      0.8916    -71.9069      0.4034      3.3606     29.5201  -0.0726825
      1.1898    -70.7171      0.2982      3.3606      29.407  -0.0286383
      1.4695    -69.2476      0.2797      3.3606     29.2018  -0.0364912
      1.6925    -67.5551       0.223      3.3606     29.0618  -0.0191447
      1.9934    -65.5617      0.3009      3.3606      28.847  -0.0875117
      2.2434    -63.3183        0.25      3.3606     28.6747  -0.0767019
      2.4132    -60.9051      0.1698      3.3606      28.398  -0.0446511
      2.5409    -58.3642      0.1277      3.3606     28.1181  -0.0336542
      2.6346    -55.7296      0.0937      3.3606     27.9204  -0.0260304
      2.7359    -52.9937      0.1013      3.3606     27.7047  -0.0440657
      2.8138    -50.1799      0.0779      3.3606     27.5396  -0.0425179
      2.9119     -47.268      0.0981      3.3606     27.2903  -0.0684748
      2.9853    -44.2827      0.0734      3.3606     27.0844  -0.0664275
      3.0461    -41.2366      0.0608      3.3606     26.8523  -0.0711674
      3.0856     -38.151      0.0395      3.3606     26.6664  -0.0696982
       3.119     -35.032      0.0334      3.3606      26.449   -0.077132
      3.1381    -31.8939      0.0191      3.3606     26.2134  -0.0789595
      3.1392    -28.7547      0.0011      3.3606     26.0814  -0.0776343
      3.1178    -25.6369     -0.0214      3.3606     25.8638  -0.0723749
      3.0642    -22.5727     -0.0536      3.3606     25.6682  -0.0594603
      3.0234    -19.5493     -0.0408      3.3606     25.5728  -0.0740889
      2.9375    -16.6118     -0.0859      3.3606     25.4503  -0.0513746
      2.8485    -13.7633      -0.089      3.3606     25.3469  -0.0534321
      2.7819    -10.9814     -0.0666      3.3606     25.3098  -0.0717546
       2.654     -8.3274     -0.1279      3.3606     25.2704  -0.0362858
       2.509     -5.8184      -0.145      3.3606     25.2251  -0.0260128
      2.3971     -3.4213     -0.1119      3.3606     25.2451  -0.0472453
      2.2585     -1.1628     -0.1386      3.3606      25.314  -0.0307936
      2.1388       0.976     -0.1197      3.3606     25.3639  -0.0423256
      1.9654      2.9414     -0.1734      3.3606     25.4793   -0.006985
      1.8115      4.7529     -0.1539      3.3606     25.6003  -0.0161167
      1.7232      6.4761     -0.0883      3.3606     25.7697  -0.0560547
      1.6456      8.1217     -0.0776      3.3606     25.9505  -0.0633763
      1.5619      9.6836     -0.0837      3.3606     26.0899  -0.0600496
         1.5     11.1836     -0.0619      3.3606     26.1817  -0.0744108
      1.3788     12.5624     -0.1212      3.3606     26.3608  -0.0366648
      1.2805     13.8429     -0.0983      3.3606      26.482  -0.0491347
      1.1521      14.995     -0.1284      3.3606     26.6895  -0.0278542
      1.0138     16.0088     -0.1383      3.3606     26.8964   -0.017764
      0.8677     16.8765     -0.1461      3.3606     27.1417  -0.0080899
      0.7175      17.594     -0.1502      3.3606      27.416     2.8e-05
      0.5662     18.1602     -0.1513      3.3606     27.7154    0.006857
       0.416     18.5762     -0.1502      3.3606     28.0393   0.0127594
      0.2694     18.8456     -0.1466      3.3606     28.3844   0.0174144
      0.1516     18.9972     -0.1178      3.3606     28.6873   0.0058052
      0.0177     19.0149     -0.1339      3.3606     29.0681   0.0223749
     -0.1084     18.9065     -0.1261      3.3606     29.4413   0.0245773
     -0.2429     18.6636     -0.1345      3.3606     29.9061     0.03734
     -0.3273     18.3363     -0.0844      3.3606     30.0878   0.0126507
     -0.2925     18.0438      0.0348      3.3606     30.2396  -0.0598014
     -0.1337     17.9101      0.1588      3.3606     30.3648   -0.142058
      0.0595     17.9696      0.1932      3.3606      30.609   -0.172923
       0.233     18.2026      0.1735      3.3606     30.9658   -0.170824
      0.3474       18.55      0.1144      3.3606     31.2302   -0.142355
      0.4558     19.0058      0.1084      3.3606     31.3541   -0.145759
      0.4748     19.4806       0.019      3.3606     31.4421  -0.0945314
      0.5057     19.9863      0.0309      3.3606     31.5397   -0.104795
      0.7082     20.6945      0.2025      3.3606     31.6755    -0.22041
      0.9773     21.6718      0.2691      3.3606     31.8577   -0.277295
      1.1442      22.816      0.1669      3.3606     31.8189   -0.228086
      1.2232     24.0392       0.079      3.3606     31.6607   -0.183124
      1.2183     25.2575     -0.0049      3.3606     31.5928   -0.136184
      1.1377     26.3952     -0.0806      3.3606     31.5868   -0.089986
      0.9562     27.3514     -0.1815      3.3606     31.6681  -0.0228766
      0.7409     28.0923     -0.2153      3.3606     31.8129   0.0063763
      0.4548     28.5471     -0.2861      3.3606     32.1076   0.0623691
      0.6041     29.1512      0.1493      3.3606     32.3695   -0.208447
      1.1864     30.3376      0.5823      3.3606      32.777   -0.502086
      1.7589     32.0965      0.5725      3.3606     32.7819   -0.531252
      2.2125      34.309      0.4536      3.3606     30.6309   -0.490137
      2.4869     36.7959      0.2744      3.3606      28.221   -0.404346
      2.5771      39.373      0.0902      3.3606     26.7851   -0.306248
       2.608      41.981      0.0309      3.3606     25.6553   -0.280099
      2.5737     44.5547     -0.0343      3.3606      25.444   -0.246916
      2.4574     47.0121     -0.1163      3.3606     25.3265   -0.199041
      2.2685     49.2806     -0.1889      3.3606     25.2811   -0.152464
      2.0188     51.2994     -0.2497      3.3606      25.331   -0.109056
      1.7247     53.0241     -0.2941      3.3606     25.4714  -0.0722967
      1.3911     54.4152     -0.3336      3.3606     25.7004  -0.0354228
      1.0276     55.4428     -0.3635      3.3606     26.0101  -0.0016636
      0.8755     56.3183     -0.1521      3.3606     26.2696   -0.123221
      1.1007      57.419      0.2252      3.3606     26.8974   -0.364613
      1.3976     58.8166      0.2969      3.3606     27.1653   -0.427265
      1.6471     60.4637      0.2495      3.3606     27.0454    -0.41674
      1.8676     62.3313      0.2205      3.3606     26.7564   -0.416409
      1.9301     64.2614      0.0625      3.3606      26.566   -0.330649
      1.8748     66.1362     -0.0553      3.3606      26.383   -0.262718
      1.7782     67.9144     -0.0966      3.3606     26.3573    -0.23825
      1.5183     69.4327     -0.2599      3.3606     26.4497    -0.13131
      1.2124     70.6451     -0.3059      3.3606     26.5804  -0.0914401
      0.7824     71.4275       -0.43      3.3606     26.9299   0.0030327
      0.3671     71.7946     -0.4153      3.3606     27.3193    0.014707
     -0.0727     71.7219     -0.4398      3.3606       27.86   0.0524947
     -0.4484     71.2735     -0.3757      3.3606     28.3605   0.0349163
     -0.8918     70.3817     -0.4434      3.3606     28.9074    0.101269
     -1.0854     69.2963     -0.1936      3.3606     28.8754  -0.0352881
     -1.1561     68.1402     -0.0707      3.3606     28.6495   -0.101883
      -1.193     66.9472     -0.0369      3.3606     28.5958   -0.116666
     -1.2584     65.6888     -0.0654      3.3606     28.6226  -0.0923896
     -1.3461     64.3427     -0.0877      3.3606     28.6887  -0.0704109
      -1.458     62.8847     -0.1119      3.3606     28.7321  -0.0456981
     -1.5907      61.294     -0.1327      3.3606     28.7431  -0.0215456
     -1.7393     59.5547     -0.1486      3.3606     28.7158   0.0009395
     -1.6513     57.9034       0.088      3.3606     28.6506   -0.140643
     -1.4663     56.4371       0.185      3.3606     28.5473   -0.204064
     -1.3011      55.136      0.1652      3.3606     28.6174   -0.196871
     -1.1817     53.9543      0.1194      3.3606     28.8036   -0.172054
     -1.1182     52.8361      0.0635      3.3606     29.0245   -0.138462
     -1.1107     51.7254      0.0075      3.3606     29.2341    -0.10192
     -1.1546     50.5708     -0.0439      3.3606     29.4081  -0.0653332
     -1.2247     49.3461     -0.0701      3.3606     29.5159  -0.0422939
     -1.3385     48.0076     -0.1138      3.3606     29.5897  -0.0061408
     -1.4752     46.5324     -0.1367      3.3606     29.6265   0.0191332
     -1.6235     44.9089     -0.1483      3.3606     29.6075   0.0386753
     -1.7862     43.1227     -0.1627      3.3606     29.5331   0.0611343
     -1.6806     41.4421      0.1056      3.3606     29.4524   -0.100295
     -1.4253     40.0168      0.2553      3.3606     29.3168   -0.199115
     -1.1722     38.8446      0.2531      3.3606     29.3861   -0.207439
     -0.9555     37.8891      0.2167      3.3606     29.6126   -0.194001
     -0.7937     37.0954      0.1618      3.3606     29.9093   -0.167094
     -0.6928     36.4026      0.1009      3.3606     30.2222   -0.133722
     -0.6553     35.7473      0.0375      3.3606     30.4697  -0.0956663
      -0.667     35.0803     -0.0117      3.3606     30.7731  -0.0635369
     -0.7425     34.3378     -0.0755      3.3606     31.0167  -0.0191034
     -0.8463     33.4915     -0.1038      3.3606     31.1776   0.0058131
     -0.9721     32.5194     -0.1258      3.3606     31.2696    0.028471
     -1.0839     31.4355     -0.1118      3.3606     31.3083   0.0291363
     -1.1931     30.2424     -0.1092      3.3606     31.3125    0.036834
     -1.0277     29.2147      0.1654      3.3606     31.3082   -0.133444
     -0.7775     28.4372      0.2502      3.3606       31.29   -0.195002
     -0.5362      27.901      0.2413      3.3606     31.4777   -0.200601
     -0.3366     27.5644      0.1996      3.3606     31.7903    -0.18495
     -0.2147     27.3497      0.1219      3.3606     32.0925   -0.144025
     -0.1198     27.2299      0.0949      3.3606     32.5239     -0.1324
     -0.1081     27.1218      0.0117      3.3606     32.8543  -0.0827642
     -0.1567     26.9651     -0.0486      3.3606     33.1669  -0.0435869
     -0.2573     26.7078     -0.1006      3.3606     33.4151  -0.0063838
       -0.37     26.3378     -0.1127      3.3606     33.5687   0.0078466
     -0.5251     25.8127     -0.1551      3.3606     33.6856   0.0429271
     -0.5614     25.2513     -0.0363      3.3606     33.7682  -0.0247811
     -0.4514     24.7999        0.11      3.3606     33.7922   -0.116927
     -0.3669      24.433      0.0845      3.3606      33.874    -0.10492
     -0.2698     24.1632      0.0971      3.3606     34.1379    -0.11672
     -0.2203     23.9429      0.0495      3.3606     34.3808  -0.0900731
     -0.2084     23.7345      0.0119      3.3606     34.6424  -0.0675067
     -0.0951     23.6394      0.1133      3.3606     34.8798   -0.133953
      0.0605     23.6999      0.1556      3.3606     35.0842   -0.167606
      0.1588     23.8587      0.0983      3.3606     35.3138   -0.138814
      0.2165     24.0752      0.0577      3.3606      35.507   -0.118104
      0.2233     24.2985      0.0068      3.3606     35.6413  -0.0885871
      0.2087     24.5072     -0.0146      3.3606     35.7654   -0.075614
      0.2205     24.7277      0.0118      3.3606     35.9306  -0.0927291
      0.1858     24.9135     -0.0347      3.3606     36.1173  -0.0635821
      0.1228     25.0363      -0.063      3.3606      36.254  -0.0436945
      0.0098     25.0461      -0.113      3.3606     36.4539  -0.0078479
     -0.0249     25.0212     -0.0347      3.3606     36.6876  -0.0529488
     -0.0127     25.0085      0.0122      3.3606     36.9751  -0.0816851
     -0.0178     24.9907     -0.0051      3.3606     37.1688  -0.0709865
     -0.0487      24.942     -0.0309      3.3606     37.3634  -0.0537536
     -0.1097     24.8323      -0.061      3.3606     37.5486  -0.0321925
     -0.1986     24.6337     -0.0889      3.3606     37.7072  -0.0102339
     -0.3099     24.3238     -0.1113      3.3606     37.8295   0.0099234
     -0.4152     23.9086     -0.1053      3.3606     37.9117   0.0130446
     -0.4017     23.5069      0.0135      3.3606     37.9483  -0.0577323
     -0.3785     23.1284      0.0232      3.3606     37.9757  -0.0636232
     -0.3609     22.7675      0.0176      3.3606     38.0669  -0.0600957
     -0.3527     22.4148      0.0082      3.3606     38.2052   -0.053824
     -0.3248       22.09      0.0279      3.3606     38.3432  -0.0661204
     -0.1776     21.9124      0.1472      3.3606     38.4956   -0.144822
      -0.075     21.8374      0.1026      3.3606     38.6411   -0.123172
     -0.0198     21.8176      0.0552      3.3606     38.8369  -0.0975432
     -0.0035     21.8141      0.0163      3.3606     39.0847  -0.0750403
     -0.0419     21.7722     -0.0384      3.3606     39.3037  -0.0400978
     -0.1309     21.6413      -0.089      3.3606       39.49  -0.0047171
     -0.2606     21.3807     -0.1297      3.3606     39.6241   0.0272291
     -0.3701     21.0106     -0.1095      3.3606     39.6976   0.0219134
     -0.4057     20.6049     -0.0356      3.3606     39.7114  -0.0193583
     -0.4362     20.1687     -0.0305      3.3606     39.7184  -0.0195237
     -0.4617      19.707     -0.0255      3.3606     39.7758  -0.0198126
     -0.4858     19.2212     -0.0241      3.3606     39.8413   -0.017942
     -0.4069     18.8143      0.0789      3.3606     39.9064  -0.0826241
     -0.3181     18.4962      0.0888      3.3606     39.9583  -0.0922274
     -0.2085     18.2877      0.1096      3.3606      40.126   -0.109781
     -0.1527      18.135      0.0558      3.3606     40.2718  -0.0799446
     -0.1212     18.0138      0.0315      3.3606     40.5127   -0.066639
     -0.1428      17.871     -0.0216      3.3606     40.6947  -0.0332274
     -0.1931     17.6779     -0.0503      3.3606     40.8295  -0.0128125
     -0.2847     17.3932     -0.0916      3.3606     40.9448   0.0175848
     -0.3995     16.9937     -0.1148      3.3606     41.0225   0.0386729
     -0.5224     16.4713     -0.1229      3.3606     41.0496   0.0514909
     -0.5545     15.9168     -0.0321      3.3606     41.0348   0.0003436
     -0.5215     15.3953       0.033      3.3606     40.9913  -0.0388679
     -0.4662     14.9291      0.0553      3.3606     41.0102  -0.0537249
     -0.4001      14.529      0.0661      3.3606     41.0907  -0.0624418
     -0.3355     14.1935      0.0646      3.3606     41.2035  -0.0638945
     -0.2265      13.967       0.109      3.3606     41.3361   -0.095523
     -0.0869     13.8801      0.1396      3.3606     41.4784   -0.120881
      0.0075     13.8876      0.0944      3.3606     41.6313  -0.0986928
      0.0796     13.9672      0.0721      3.3606     41.8608  -0.0893008
      0.0987     14.0659      0.0191      3.3606     42.0683  -0.0587901
      0.0636     14.1295     -0.0351      3.3606     42.1478  -0.0246357
     -0.0396     14.0899     -0.1032      3.3606     42.2581   0.0217095
     -0.1454     13.9445     -0.1058      3.3606     42.3762   0.0292073
     -0.2476     13.6969     -0.1022      3.3606      42.518   0.0331045
     -0.3083     13.3886     -0.0607      3.3606      42.549   0.0122858
     -0.3571     13.0315     -0.0488      3.3606     42.5484   0.0087547
     -0.3888     12.6427     -0.0317      3.3606     42.5695   0.0013095
     -0.4016     12.2411     -0.0128      3.3606     42.5922  -0.0081601
     -0.3969     11.8442      0.0047      3.3606     42.6404  -0.0177138
     -0.3756     11.4686      0.0213      3.3606     42.6893  -0.0276546
     -0.2274     11.2412      0.1482      3.3606     42.7531   -0.110819
      0.0068      11.248      0.2342      3.3606     42.8335   -0.174618
      0.2271     11.4751      0.2203      3.3606     43.0157   -0.178414
      0.4191     11.8942       0.192      3.3606     43.3321   -0.172676
      0.4666     12.3608      0.0475      3.3606     43.2731  -0.0898456
       0.381     12.7418     -0.0856      3.3606     43.1469  -0.0066774
      0.2031     12.9449     -0.1779      3.3606     43.1345   0.0573441
     -0.0387     12.9062     -0.2418      3.3606     43.2456    0.108374
     -0.3073     12.5989     -0.2686      3.3606     43.4579    0.139343
      -0.563     12.0359     -0.2557      3.3606     43.6895    0.146588
     -0.6781     11.3578     -0.1151      3.3606     43.5996   0.0702478
     -0.6816     10.6762     -0.0035      3.3606     43.3893   0.0055146
     -0.6043     10.0719      0.0773      3.3606     43.2819  -0.0451721
     -0.4347      9.6372      0.1696      3.3606     43.2752   -0.108067
     -0.3126      9.3246      0.1221      3.3606     43.3192  -0.0849786
     -0.0945      9.2301      0.2181      3.3606     43.5146   -0.153636
      0.0743      9.3044      0.1688      3.3606     43.6866   -0.133057
      0.2167      9.5211      0.1424      3.3606     43.9824   -0.125272
      0.2663      9.7874      0.0496      3.3606     44.1195  -0.0729698
      0.2717     10.0591      0.0054      3.3606     44.0922  -0.0475457
      0.2866     10.3457      0.0149      3.3606      44.108  -0.0548803
      0.2396     10.5853      -0.047      3.3606     44.1628  -0.0160151
      0.1235     10.7088     -0.1161      3.3606     44.2208   0.0311116
      0.0086     10.7174     -0.1149      3.3606     44.3017   0.0363406
     -0.1436     10.5738     -0.1522      3.3606     44.4716   0.0670658
     -0.2923     10.2815     -0.1487      3.3606     44.6679   0.0735751
     -0.4359      9.8456     -0.1436      3.3606     44.6552     0.07929
     -0.5132      9.3324     -0.0773      3.3606     44.5813   0.0450692
      -0.508      8.8244      0.0052      3.3606      44.487  -0.0031772
     -0.3592      8.4652      0.1488      3.3606     44.4336  -0.0959972
     -0.1227      8.3425      0.2365      3.3606     44.4542   -0.160547
      0.1364      8.4789      0.2591      3.3606     44.6209   -0.187989
      0.3009      8.7798      0.1645      3.3606       44.82   -0.140686
      0.4376      9.2174      0.1367      3.3606      44.896   -0.132427
      0.4907      9.7081      0.0531      3.3606     44.8248  -0.0865007
      0.4558     10.1639     -0.0349      3.3606     44.7312  -0.0332533
      0.3522     10.5161     -0.1036      3.3606     44.6976   0.0122973
      0.2765     10.7926     -0.0757      3.3606     44.7433  -0.0013358
      0.1713     10.9639     -0.1052      3.3606     44.8621   0.0213207
      0.0221      10.986     -0.1492      3.3606     45.0038   0.0554128
     -0.1134     10.8726     -0.1355      3.3606     45.1562    0.054579
     -0.2358     10.6368     -0.1224      3.3606     45.3617   0.0537912
     -0.3277     10.3091     -0.0919      3.3606     45.3916   0.0412531
     -0.3827      9.9264      -0.055      3.3606     45.3362   0.0231212
      -0.377      9.5494      0.0057      3.3606      45.294  -0.0124642
     -0.2451      9.3043      0.1319      3.3606     45.2747  -0.0943077
     -0.0466      9.2577      0.1985      3.3606     45.3042    -0.14445
      0.2285      9.4862      0.2751      3.3606     45.4939   -0.205401
      0.3755      9.8617       0.147      3.3606     45.6766   -0.137311
      0.4937     10.3554      0.1182      3.3606     45.5739   -0.127659
      0.4916      10.847     -0.0021      3.3606     45.4716  -0.0568442
      0.3946     11.2416      -0.097      3.3606     45.3775    0.003956
       0.214     11.4556     -0.1806      3.3606     45.3775   0.0628652
      0.0198     11.4754     -0.1942      3.3606     45.4539   0.0810642
     -0.1622     11.3132      -0.182      3.3606     45.6398   0.0836948
     -0.2043     11.1089     -0.0421      3.3606     45.8361   0.0025569
     -0.2225     10.8864     -0.0182      3.3606       45.82  -0.0101692
     -0.1977     10.6887      0.0248      3.3606     45.8265  -0.0366657
     -0.1477      10.541        0.05      3.3606      45.859  -0.0539426
     -0.0935     10.4475      0.0542      3.3606     45.9146  -0.0590005
      -0.026     10.4215      0.0675      3.3606      46.013  -0.0704125
      0.0412     10.4627      0.0672      3.3606     46.1449  -0.0738505
      0.1327     10.5954      0.0915      3.3606     46.2762  -0.0935866
      0.2316      10.827      0.0989      3.3606     46.3582   -0.103864
      0.2711     11.0981      0.0395      3.3606     46.3472  -0.0710915
      0.2564     11.3545     -0.0147      3.3606     46.3029  -0.0385763
      0.1849     11.5394     -0.0715      3.3606      46.298   -0.001333
      0.0652     11.6046     -0.1197      3.3606     46.3428   0.0336158
     -0.0859     11.5187     -0.1511      3.3606     46.4445   0.0605707
     -0.0852     11.4335      0.0007      3.3606     46.5746  -0.0302901
     -0.0398     11.3937      0.0454      3.3606     46.6355  -0.0593515
      0.0195     11.4132      0.0593      3.3606     46.6937  -0.0708336
      0.0842     11.4974      0.0647      3.3606     46.8082  -0.0776906
      0.1163     11.6137      0.0321      3.3606     46.8827  -0.0601487
       0.127     11.7407      0.0107      3.3606     46.8983  -0.0482461
      0.0982     11.8389     -0.0288      3.3606     46.9206  -0.0233431
      0.0213     11.8602     -0.0769      3.3606     46.9684   0.0094518
     -0.0578     11.8024     -0.0791      3.3606     47.0301   0.0150584
     -0.1654      11.637     -0.1076      3.3606     47.1544   0.0382498
     -0.0778     11.5592      0.0876      3.3606     47.2009   -0.083192
      0.0661     11.6253      0.1439      3.3606     47.1704   -0.124653
      0.2378     11.8631      0.1717      3.3606      47.261   -0.150975
      0.3953     12.2584      0.1575      3.3606     47.3338   -0.151831
      0.4621     12.7205      0.0668      3.3606       47.23   -0.102271
      0.4638     13.1843      0.0017      3.3606     47.1122  -0.0646905
      0.5141     13.6984      0.0503      3.3606     47.0382  -0.0980084
       0.498     14.1964     -0.0161      3.3606     47.0257  -0.0588252
      0.4083     14.6047     -0.0897      3.3606      46.976  -0.0112257
      0.2493      14.854      -0.159      3.3606     46.9725   0.0378744
      0.0398     14.8938     -0.2095      3.3606      47.044    0.078949
     -0.0106     14.8832     -0.0504      3.3606     47.1942  -0.0138584
      0.0782     14.9614      0.0888      3.3606     47.4155   -0.102231
      0.2057     15.1671      0.1275      3.3606     47.5464   -0.132698
       0.309     15.4761      0.1033      3.3606     47.5414   -0.124476
      0.3657     15.8418      0.0567      3.3606     47.4739   -0.100562
      0.3791     16.2209      0.0134      3.3606     47.3905  -0.0764159
      0.3254     16.5463     -0.0537      3.3606     47.3418  -0.0343397
        0.23     16.7763     -0.0954      3.3606     47.3319  -0.0050489
      0.0329     16.8092     -0.1971      3.3606     47.3943   0.0661216
      0.2188      17.028      0.1859      3.3606     47.4982   -0.174002
     -0.1322     16.8958      -0.351      3.3606     47.6613    0.166787
     -0.0957     16.8001      0.0365      3.3606     47.5127  -0.0673239
     -0.0835     16.7166      0.0122      3.3606     47.5132  -0.0531278
     -0.0519     16.6647      0.0316      3.3606     47.5895  -0.0662553
      0.2245     16.8892      0.2764      3.3606     47.6422   -0.228182
      0.5988      17.488      0.3743      3.3606     47.7183   -0.308182
      0.9106     18.3986      0.3118      3.3606     47.5652   -0.289627
       1.099     19.4976      0.1884      3.3606     47.0834   -0.228681
       1.058     20.5556      -0.041      3.3606     46.6868  -0.0920828
      0.9686     21.5242     -0.0894      3.3606     46.4434  -0.0612998
      1.0406     22.5648       0.072      3.3606      46.362   -0.165006
      0.9851     23.5499     -0.0555      3.3606      46.361  -0.0885749
      0.8098     24.3597     -0.1753      3.3606     46.2144  -0.0100087
      0.5825     24.9422     -0.2273      3.3606      46.165   0.0312634
      0.5308      25.473     -0.0517      3.3606     46.2303  -0.0730006
      0.4309     25.9039     -0.0999      3.3606     46.3983  -0.0401785
      0.2929     26.1968      -0.138      3.3606     46.4538  -0.0110212
      0.1146     26.3114     -0.1783      3.3606     46.5394   0.0220866
     -0.1281     26.1833     -0.2427      3.3606     46.7057   0.0737313
     -0.2746     25.9087     -0.1465      3.3606     46.8352   0.0244531
     -0.0117      25.897      0.2629      3.3606     46.9026   -0.234823
      0.3761     26.2731      0.3878      3.3606     46.8452   -0.331056
       0.881     27.1541      0.5049      3.3606     47.0178   -0.430214
      1.1853     28.3394      0.3043      3.3606     46.6979   -0.329234
      1.3608     29.7002      0.1755      3.3606     46.0596   -0.265162
      1.4771     31.1773      0.1163      3.3606     45.6272   -0.240121
      1.3909     32.5682     -0.0862      3.3606      45.372   -0.118311
      1.0105     33.5787     -0.3804      3.3606     45.0727   0.0749579
      0.8074     34.3861     -0.2031      3.3606     45.0073  -0.0232831
      0.6896     35.0757     -0.1178      3.3606     45.2334  -0.0704063
       0.526     35.6017     -0.1636      3.3606     45.3912  -0.0359971
      0.3871     35.9888     -0.1389      3.3606     45.4507  -0.0447556
       0.095     36.0838     -0.2921      3.3606     45.6116   0.0620686
     -0.1961     35.8877     -0.2911      3.3606     45.7576   0.0771941
      -0.487     35.4007     -0.2909      3.3606     46.0433   0.0936619
     -0.2913     35.1094      0.1957      3.3606     46.0544   -0.207601
     -0.1192     34.9902      0.1721      3.3606     45.9203   -0.202032
      0.1636     35.1538      0.2828      3.3606     45.9902   -0.283649
       0.326     35.4798      0.1624      3.3606      46.167   -0.220831
      0.3648     35.8446      0.0388      3.3606     46.1479   -0.149783
      0.3478     36.1924      -0.017      3.3606     46.0206   -0.116463
      0.2895     36.4819     -0.0583      3.3606     45.9982  -0.0895197
      0.0051      36.487     -0.2844      3.3606     46.0494   0.0609138
     -0.2686     36.2184     -0.2737      3.3606     46.1157    0.069532
     -0.3418     35.8766     -0.0732      3.3606     46.4405  -0.0459362
     -0.4255     35.4511     -0.0837      3.3606     46.3294  -0.0340073
     -0.5154     34.9357     -0.0899      3.3606     46.2576  -0.0240663
       -0.62     34.3157     -0.1046      3.3606     46.2004  -0.0079471
     -0.7568     33.5589     -0.1368      3.3606     46.1123   0.0207569
     -0.8602     32.6987     -0.1034      3.3606     46.0285   0.0086743
     -0.9911     31.7076     -0.1309      3.3606     45.8543   0.0349544
     -0.8862     30.8214      0.1049      3.3606     45.7111   -0.109322
     -0.7337     30.0877      0.1525      3.3606     45.5328   -0.143611
       -0.58     29.5077      0.1537      3.3606      45.517   -0.150583
     -0.4641     29.0436      0.1159      3.3606      45.592   -0.132538
     -0.4123     28.6313      0.0518      3.3606     45.7037  -0.0955343
     -0.3307     28.3006      0.0816      3.3606     45.8328   -0.116665
     -0.2432     28.0574      0.0875      3.3606     45.9067   -0.124026
     -0.2451     27.8123     -0.0019      3.3606     46.0147  -0.0695517
     -0.3198     27.4925     -0.0747      3.3606     46.1065  -0.0210279
     -0.4844     27.0081     -0.1646      3.3606     46.1632   0.0429245
     -0.7101      26.298     -0.2257      3.3606     46.1432   0.0934512
     -0.9653     25.3327     -0.2552      3.3606     46.0171    0.127318
     -1.1714     24.1613     -0.2061      3.3606     45.8311    0.112089
     -1.3726     22.7887     -0.2012      3.3606     45.5326    0.123729
     -1.3681     21.4206      0.0045      3.3606     45.1992   0.0041794
     -1.2301     20.1905       0.138      3.3606     44.8955  -0.0794063
     -1.0164     19.1741      0.2137      3.3606     44.7508   -0.132889
     -0.7651      18.409      0.2513      3.3606     44.7417   -0.166222
     -0.5193     17.8897      0.2458      3.3606     44.8303   -0.174145
     -0.3177      17.572      0.2016      3.3606     44.9909   -0.157156
     -0.1786     17.3934      0.1391      3.3606     45.2315   -0.126353
     -0.1702     17.2232      0.0084      3.3606     45.4777  -0.0478592
     -0.2493     16.9739     -0.0791      3.3606     45.6347   0.0095019
     -0.4224     16.5515     -0.1731      3.3606     45.7253   0.0761703
     -0.6512     15.9003     -0.2288      3.3606     45.7174    0.123442
     -0.8958     15.0045     -0.2446      3.3606      45.593    0.148328
     -1.1221     13.8824     -0.2263      3.3606     45.4114    0.152482
      -0.977     12.9054      0.1451      3.3606      45.135  -0.0749722
     -0.7137     12.1917      0.2633      3.3606       44.78   -0.157443
     -0.4148     11.7769      0.2989      3.3606     44.7634   -0.193101
     -0.1112     11.6657      0.3036      3.3606     44.9143   -0.211375
      0.1822     11.8479      0.2934      3.3606     45.2001   -0.221058
      0.3378     12.1857      0.1556      3.3606     45.5004   -0.147483
      0.3716     12.5573      0.0338      3.3606     45.5314  -0.0772751
      0.2484     12.8057     -0.1232      3.3606     45.4309   0.0225861
      0.0669     12.8726     -0.1815      3.3606     45.4184   0.0668034
     -0.2162     12.6564     -0.2831      3.3606     45.5434    0.143133
       -0.58     12.0764     -0.3638      3.3606     45.7923    0.212211
     -0.9097     11.1667     -0.3297      3.3606     45.7217    0.211624
     -1.1013     10.0654     -0.1916      3.3606     45.3926    0.142031
     -1.1648      8.9006     -0.0635      3.3606     45.0212   0.0719678
     -1.0905      7.8101      0.0743      3.3606     44.7543  -0.0113043
     -0.8943      6.9158      0.1962      3.3606     44.5976  -0.0919638
     -0.6078       6.308      0.2865      3.3606     44.5658   -0.159218
     -0.3324      5.9756      0.2754      3.3606     44.6385   -0.165882
     -0.0047      5.9709      0.3277      3.3606      44.841   -0.214288
      0.2805      6.2514      0.2852      3.3606     45.0996    -0.20446
       0.485      6.7364      0.2045      3.3606     45.4293   -0.168129
      0.5764      7.3128      0.0914      3.3606     45.3134   -0.106751
      0.5437      7.8565     -0.0327      3.3606     45.1392  -0.0322219
      0.3963      8.2528     -0.1474      3.3606     45.0501    0.043074
      0.1609      8.4137     -0.2354      3.3606     45.0693    0.107632
     -0.1231      8.2906      -0.284      3.3606        45.2    0.151929
      -0.409      7.8816     -0.2859      3.3606     45.4321    0.169163
     -0.6143      7.2673     -0.2053      3.3606     45.5228    0.133322
     -0.8299      6.4374     -0.2156      3.3606     45.2057    0.153203
     -0.8429      5.5945      -0.013      3.3606       45.04   0.0348473
     -0.7477      4.8468      0.0952      3.3606     44.8072    -0.03278
      -0.544      4.3028      0.2037      3.3606     44.7323    -0.10684
     -0.2172      4.0856      0.3268      3.3606     44.7829   -0.197042
      0.0942      4.1798      0.3114      3.3606     44.9352   -0.204278
      0.3788      4.5586      0.2846      3.3606     45.2131   -0.204133
      0.6177      5.1763      0.2389      3.3606       45.37   -0.190989
      0.7342      5.9105      0.1165      3.3606     45.1229    -0.12581
      0.7604      6.6709      0.0262      3.3606     44.8983  -0.0752735
      0.6387      7.3096     -0.1217      3.3606     44.7435   0.0178788
      0.4661      7.7757     -0.1726      3.3606      44.696   0.0559957
      0.1987      7.9744     -0.2674      3.3606     44.7701    0.126184
     -0.0961      7.8783     -0.2948      3.3606     44.9243    0.158242
      -0.417      7.4613     -0.3209      3.3606     45.2231     0.19184
     -0.6237      6.8376     -0.2067      3.3606     45.3861     0.13594
     -0.7681      6.0695     -0.1444      3.3606     45.1372    0.108373
     -0.7432      5.3263      0.0249      3.3606     44.9022   0.0077275
     -0.5637      4.7626      0.1795      3.3606     44.7208  -0.0926754
     -0.3181      4.4445      0.2456      3.3606     44.7014   -0.144152
      0.1808      4.6253      0.4989      3.3606     44.8312   -0.322617
      0.7698      5.3951       0.589      3.3606     45.0925   -0.409615
      1.1944      6.5895      0.4246      3.3606     45.1755   -0.336637
      1.4479      8.0374      0.2535      3.3606     44.6153   -0.251503
      1.4697      9.5071      0.0218      3.3606     44.0172   -0.118026
      1.2573     10.7644     -0.2124      3.3606     43.6558   0.0297672
       0.973     11.7374     -0.2843      3.3606     43.4979   0.0847718
      0.7119     12.4493     -0.2611      3.3606     43.5486   0.0822933
      0.4045     12.8538     -0.3074      3.3606     43.7197    0.124845
      0.0436     12.8974     -0.3609      3.3606     43.9679    0.175581
     -0.2298     12.6676     -0.2734      3.3606       44.25    0.137987
     -0.4282     12.2394     -0.1984      3.3606     44.6156    0.104588
     -0.5312     11.7082      -0.103      3.3606     44.5776   0.0542978
     -0.2914     11.4168      0.2398      3.3606     44.4211   -0.162978
      0.0741     11.4909      0.3655      3.3606     44.3534   -0.257626
      0.6246     12.1155      0.5505      3.3606     44.5524   -0.399126
      1.1922     13.3077      0.5676      3.3606     44.7514   -0.442477
      1.9873      15.295      0.7951      3.3606     44.2462   -0.626285
      2.5628     17.8578      0.5755      3.3606     42.5002   -0.532139
      2.8446     20.7024      0.2818      3.3606     39.9228   -0.379106
      2.8572     23.5596      0.0126      3.3606     38.3104   -0.226813
      2.6385     26.1981     -0.2187      3.3606     35.7166  -0.0845763
      2.6203     28.8184     -0.0182      3.3606     34.1571   -0.211791
      2.6223     31.4407       0.002      3.3606     34.1658   -0.231882
      2.5511     33.9918     -0.0712      3.3606     34.0379   -0.191913
      2.3195     36.3113     -0.2316      3.3606      33.802  -0.0905879
      2.1584     38.4697     -0.1611      3.3606     33.6831   -0.130986
      2.4021     40.8718      0.2437      3.3606     33.7353   -0.393745
      2.6105     43.4823      0.2084      3.3606     33.7704   -0.391233
      2.7098     46.1921      0.0993      3.3606     33.2425   -0.339066
      2.6305     48.8226     -0.0793      3.3606     32.8225   -0.235674
       2.403     51.2256     -0.2275      3.3606     32.5287   -0.142133
      2.2409     53.4665     -0.1621      3.3606     32.4068   -0.179666
      2.2013     55.6678     -0.0396      3.3606     32.4793   -0.257711
      2.0789     57.7467     -0.1224      3.3606     32.5161   -0.207903
      1.8587     59.6054     -0.2202      3.3606     32.4326   -0.143349
      1.5421     61.1475     -0.3166      3.3606     32.4476  -0.0736717
      1.3901     62.5376      -0.152      3.3606     32.6121   -0.168698
      1.2687     63.8063     -0.1214      3.3606     32.9282   -0.184551
      1.1338     64.9401     -0.1349      3.3606     33.0639   -0.172838
      0.8612     65.8013     -0.2726      3.3606     33.2231  -0.0786263
      0.5479     66.3492     -0.3133      3.3606     33.3931  -0.0395584
      0.1879     66.5371       -0.36      3.3606     33.7155   0.0066179
      0.1091     66.6462     -0.0788      3.3606     34.1271   -0.158332
      0.0723     66.7185     -0.0368      3.3606     34.5407   -0.181835
      0.0092     66.7277     -0.0631      3.3606       34.78   -0.162801
     -0.1856     66.5421     -0.1948      3.3606     35.0812  -0.0730951
     -0.3727     66.1694     -0.1871      3.3606     35.2991  -0.0668678
     -0.6969     65.4725     -0.3242      3.3606     35.3745   0.0343413
     -0.9127     64.5598     -0.2158      3.3606     35.3762   -0.016739
     -1.1818      63.378     -0.2691      3.3606      35.213   0.0327796
     -1.4565     61.9215     -0.2747      3.3606      35.087   0.0547935
     -1.7288     60.1927     -0.2723      3.3606     34.8911   0.0726995
     -1.9836     58.2091     -0.2548      3.3606     34.6429   0.0813999
     -2.1742     56.0349     -0.1906      3.3606     34.4034   0.0593137
     -2.2123     53.8226     -0.0381      3.3606     34.0395  -0.0235682
     -2.1283     51.6943       0.084      3.3606     33.7553  -0.0948113
     -2.0211     49.6732      0.1072      3.3606     33.5863   -0.108242
     -1.9156     47.7576      0.1055      3.3606     33.5309   -0.106962
       -1.83     45.9276      0.0856      3.3606     33.5281  -0.0939828
     -1.7731     44.1545      0.0569      3.3606     33.5476  -0.0744023
     -1.7483     42.4062      0.0248      3.3606     33.5681   -0.051187
     -1.7582      40.648     -0.0099      3.3606     33.5762  -0.0245776
     -1.7949     38.8531     -0.0367      3.3606     33.5607  -0.0012045
     -1.8393     37.0138     -0.0444      3.3606     33.5226   0.0112422
     -1.8999     35.1139     -0.0606      3.3606      33.446   0.0298131
     -1.9604     33.1535     -0.0605      3.3606     33.3545   0.0387803
     -2.0126     31.1409     -0.0522      3.3606     33.2409   0.0425525
     -2.0491     29.0918     -0.0365      3.3606     33.1178   0.0411778
     -2.0639     27.0279     -0.0148      3.3606     33.0149   0.0351191
      -2.054     24.9739      0.0099      3.3606     32.8631   0.0259463
     -2.0261     22.9478      0.0279      3.3606     32.7825   0.0197738
     -1.9606     20.9872      0.0655      3.3606     32.6989  -0.0003104
     -1.8942      19.093      0.0664      3.3606     32.6564   0.0013794
     -1.7896     17.3034      0.1046      3.3606     32.6472   -0.021611
     -1.6707     15.6327      0.1189      3.3606     32.6536  -0.0313617
     -1.5435     14.0892      0.1272      3.3606     32.7046  -0.0383256
     -1.4138     12.6754      0.1297      3.3606     32.7883  -0.0423286
     -1.2865     11.3889      0.1273      3.3606     32.8977  -0.0436487
     -1.1656     10.2233      0.1209      3.3606     33.0294  -0.0425987
     -1.0538      9.1695      0.1118      3.3606     33.1772  -0.0397909
     -0.9362      8.2333      0.1176      3.3606      33.365  -0.0465775
     -0.8609      7.3724      0.0753      3.3606     33.5057  -0.0225304
      -0.769      6.6034      0.0919      3.3606     33.7264  -0.0349622
     -0.7116      5.8918      0.0574      3.3606     33.8672  -0.0151122
       -0.65      5.2418      0.0616      3.3606     34.0555  -0.0188854
     -0.5943      4.6475      0.0557      3.3606     34.2271  -0.0164589
      -0.549      4.0985      0.0453      3.3606     34.4356  -0.0109275
     -0.6135       3.485     -0.0645      3.3606     34.5563    0.060147
     -0.8768      2.6082     -0.2633      3.3606     34.7643    0.195749
     -1.0566      1.5516     -0.1798      3.3606     34.8299    0.158168
     -1.2437      0.3079     -0.1871      3.3606     34.6281    0.176009
     -1.3219      -1.014     -0.0782      3.3606     34.5108    0.118701
     -1.4455     -2.4595     -0.1236      3.3606     34.4157    0.156705
     -1.8422     -4.3017     -0.3967      3.3606     34.3448     0.34672
     -2.0603      -6.362     -0.2181      3.3606     34.2525    0.257082
     -2.2371     -8.5991     -0.1768      3.3606     33.6915    0.248207
     -2.2493    -10.8484     -0.0122      3.3606     33.3815    0.156829
     -2.1333    -12.9817       0.116      3.3606     33.1028   0.0802767
     -1.9506    -14.9323      0.1827      3.3606     32.9886   0.0366081
     -1.9332    -16.8655      0.0174      3.3606     32.9848    0.140683
     -2.2216    -19.0871     -0.2884      3.3606     33.0862    0.345825
     -2.4049     -21.492     -0.1833      3.3606     33.0371    0.299511
     -2.4796    -23.9716     -0.0747      3.3606     32.5834    0.245674
     -2.5365    -26.5081     -0.0569      3.3606     32.2436    0.245562
      -2.788    -29.2961     -0.2515      3.3606     32.0563    0.383764
     -3.1574    -32.4535     -0.3694      3.3606     31.7781    0.483185
     -3.2621    -35.7156     -0.1047      3.3606      31.085    0.339596
     -3.2287    -38.9443      0.0334      3.3606     29.0205    0.264685
     -3.0908    -42.0351      0.1379      3.3606     27.6136    0.204087
     -3.0515    -45.0866      0.0393      3.3606     27.4603    0.270358
     -3.1227    -48.2093     -0.0712      3.3606      27.418    0.349728
     -3.1534    -51.3627     -0.0307      3.3606     27.2818    0.336485
     -3.0768    -54.4395      0.0766      3.3606     27.0144    0.277352
     -2.8902    -57.3297      0.1866      3.3606     26.7917     0.21032
     -2.6058    -59.9355      0.2844      3.3606     26.6912    0.144668
     -2.2397    -62.1752      0.3661      3.3606     26.7205     0.08333
     -1.8206    -63.9958      0.4191      3.3606     26.8767   0.0351986
     -1.5464    -65.5422      0.2742      3.3606     27.1057    0.112519
     -1.2274    -66.7696       0.319      3.3606     27.4957   0.0727336
     -0.8677    -67.6373      0.3597      3.3606     27.8054   0.0322123
     -0.4666    -68.1039      0.4011      3.3606     28.1928  -0.0120851
      0.0427    -68.0612      0.5093      3.3606     28.7404   -0.103617
      0.4267    -67.6345       0.384      3.3606     29.2056  -0.0496849
      0.7829    -66.8516      0.3562      3.3606     29.8362   -0.053876
      1.0558    -65.7958      0.2729      3.3606      29.805  -0.0212542
      1.3171    -64.4787      0.2613      3.3606     29.6575  -0.0318331
      1.6107     -62.868      0.2936      3.3606     29.5109  -0.0713124
      1.8552    -61.0128      0.2445      3.3606     29.3625   -0.060132
       2.047    -58.9658      0.1918      3.3606     29.1821  -0.0446266
      2.1596    -56.8062      0.1126      3.3606     28.9983  -0.0094406
      2.2979    -54.5083      0.1383      3.3606     28.7621  -0.0389459
      2.4086    -52.0997      0.1107      3.3606     28.6067  -0.0353681
      2.5126    -49.5871       0.104      3.3606      28.421  -0.0442939
      2.6074    -46.9797      0.0948      3.3606     28.2377  -0.0515257
      2.6792    -44.3005      0.0718      3.3606     28.0792  -0.0494969
      2.7432    -41.5573       0.064      3.3606     27.9163  -0.0563745
      2.8193     -38.738      0.0761      3.3606        27.7  -0.0760496
      2.8714    -35.8666      0.0521      3.3606     27.5153   -0.072973
      2.9031    -32.9635      0.0317      3.3606     27.3466  -0.0710907
      2.9275     -30.036      0.0244      3.3606     27.1246   -0.076762
      2.9294    -27.1066      0.0019      3.3606      26.979   -0.072149
      2.9013    -24.2053     -0.0281      3.3606     26.7832  -0.0613917
      2.8569    -21.3484     -0.0444      3.3606     26.6364  -0.0578736
       2.797    -18.5514     -0.0599      3.3606     26.5216  -0.0538498
      2.7367    -15.8147     -0.0603      3.3606     26.4456  -0.0586843
      2.6529    -13.1618     -0.0838      3.3606     26.3798  -0.0481854
        2.54    -10.6218     -0.1129      3.3606     26.3169  -0.0324746
      2.4503     -8.1715     -0.0897      3.3606     26.2982  -0.0490811
      2.3359     -5.8356     -0.1144      3.3606     26.3195    -0.03532
       2.193     -3.6426     -0.1429      3.3606     26.3411  -0.0173682
      2.0851     -1.5575     -0.1079      3.3606     26.3847  -0.0390127
      1.9316      0.3741     -0.1535      3.3606     26.5006  -0.0094655
      1.8502      2.2243     -0.0814      3.3606     26.5767  -0.0540433
      1.7885      4.0128     -0.0617      3.3606     26.7222  -0.0680204
        1.74      5.7528     -0.0485      3.3606     26.8106  -0.0786384
      1.6582       7.411     -0.0818      3.3606      26.917  -0.0593794
      1.5714      8.9824     -0.0868      3.3606     27.0036    -0.05658
      1.4693     10.4517     -0.1021      3.3606     27.1281  -0.0464987
      1.3737     11.8254     -0.0956      3.3606     27.2472  -0.0495486
      1.2478     13.0732     -0.1259      3.3606     27.4184  -0.0285652
      1.0858      14.159      -0.162      3.3606     27.6284  -0.0017386
      0.9623     15.1213     -0.1235      3.3606     27.8095  -0.0213035
      0.8372     15.9585     -0.1251      3.3606     28.0348  -0.0163499
      0.6344     16.5929     -0.2028      3.3606      28.384   0.0389125
      0.5056     17.0985     -0.1288      3.3606     28.6134  -0.0003067
      0.3576     17.4561      -0.148      3.3606     28.9736   0.0178365
      0.2176     17.6737       -0.14      3.3606     29.3051   0.0196637
      0.1066     17.7803      -0.111      3.3606     29.6026   0.0077159
     -0.0366     17.7437     -0.1432      3.3606     30.0371   0.0345921
     -0.1482     17.5955     -0.1116      3.3606     30.3997   0.0218799
      0.2737     17.8692      0.4219      3.3606     30.6789    -0.32098
     -0.0252      17.844     -0.2989      3.3606     30.8791    0.127118
      0.1153     17.9593      0.1405      3.3606     30.8565   -0.144173
      0.2393     18.1986       0.124      3.3606     31.2202   -0.141439
      0.3573     18.5559       0.118      3.3606     31.4015   -0.145047
      0.4357     18.9916      0.0784      3.3606     31.5168   -0.126671
      0.4669     19.4585      0.0312      3.3606     31.6002   -0.101374
      0.4726     19.9311      0.0057      3.3606      31.721  -0.0877885
      0.7345     20.6656      0.2619      3.3606     31.9037   -0.257331
      0.9486     21.6142      0.2141      3.3606     32.0509    -0.24263
       1.145     22.7592      0.1964      3.3606     31.9424   -0.245658
      1.2424     24.0016      0.0974      3.3606     31.8576    -0.19505
      1.2729     25.2745      0.0305      3.3606      31.733   -0.160314
      1.2047     26.4792     -0.0682      3.3606     31.7038   -0.101162
      1.0606     27.5398     -0.1441      3.3606     31.7328  -0.0513106
      0.8553     28.3951     -0.2053      3.3606      31.854  -0.0064809
      0.6068     29.0019     -0.2485      3.3606      32.061   0.0305407
      0.5242     29.5261     -0.0826      3.3606     32.2985  -0.0662767
      0.9539       30.48      0.4297      3.3606     32.6578   -0.398863
      1.5305     32.0105      0.5766      3.3606      32.908   -0.521577
       2.102     34.1125      0.5715      3.3606     32.4271   -0.554541
      2.4179     36.5304      0.3159      3.3606     29.9979   -0.424862
      2.5241     39.0545      0.1062      3.3606     28.4852   -0.312137
      2.5604     41.6149      0.0363      3.3606      27.072   -0.279765
      2.5457     44.1606     -0.0147      3.3606     26.0192   -0.256038
      2.4914      46.652     -0.0543      3.3606     25.8893   -0.236929
      2.3442     48.9962     -0.1472      3.3606     25.8135   -0.180567
      2.1255     51.1217     -0.2187      3.3606     25.7968   -0.132671
      1.7982     52.9199     -0.3273      3.3606     25.8959  -0.0558861
      1.5272     54.4471      -0.271      3.3606     26.0454  -0.0801557
      1.1727     55.6198     -0.3545      3.3606     26.3636  -0.0151398
      0.8168     56.4366     -0.3559      3.3606     26.6839   0.0017566
       0.799     57.2356     -0.0178      3.3606     27.1151   -0.202575
      1.1424      58.378      0.3434      3.3606     27.6047   -0.440579
      1.4325     59.8105      0.2901      3.3606     27.7655   -0.427981
      1.7257     61.5362      0.2932      3.3606     27.4126   -0.450265
      1.8333     63.3695      0.1076      3.3606     27.2245       -0.35
      1.8351     65.2046      0.0018      3.3606     26.9324   -0.292119
      1.7093     66.9139     -0.1258      3.3606     26.8628   -0.214145
      1.4855     68.3994     -0.2238      3.3606     26.8937   -0.148164
      1.2907     69.6901     -0.1948      3.3606     26.9975   -0.159307
       0.885     70.5751     -0.4057      3.3606     27.3171  -0.0143253
      0.4767     71.0518     -0.4083      3.3606     27.5995   0.0070362
      0.0332      71.085     -0.4435      3.3606      28.092   0.0511186
     -0.4274     70.6576     -0.4606      3.3606     28.6657    0.086612
     -0.9631     69.6945     -0.5357      3.3606     29.4356    0.162418
     -1.1476     68.5469     -0.1845      3.3606      29.421  -0.0352655
     -1.2079      67.339     -0.0603      3.3606     29.0896   -0.103026
     -1.2432     66.0958     -0.0353      3.3606      28.997   -0.112461
     -1.2864     64.8094     -0.0432      3.3606     29.0198   -0.101615
      -1.338     63.4714     -0.0516      3.3606      29.066  -0.0898782
     -1.4219     62.0495     -0.0839      3.3606     29.1162  -0.0618697
     -1.5104     60.5391     -0.0885      3.3606     29.1468  -0.0499765
     -1.6557     58.8834     -0.1453      3.3606      29.144  -0.0033738
      -1.516     57.3674      0.1397      3.3606     29.1233    -0.17709
     -1.2843     56.0831      0.2317      3.3606     29.0189   -0.240486
     -1.1136     54.9695      0.1707      3.3606     29.1311   -0.209421
     -1.0157     53.9538      0.0979      3.3606      29.325   -0.167785
     -0.9558      52.998      0.0599      3.3606     29.6222   -0.145232
     -0.9719     52.0261     -0.0161      3.3606     29.8383  -0.0958795
     -1.0445     50.9816     -0.0726      3.3606     30.0262  -0.0550708
     -1.1412     49.8404     -0.0967      3.3606     30.1322  -0.0321588
     -1.3143     48.5261     -0.1731      3.3606     30.2005   0.0266253
     -1.4563     47.0698      -0.142      3.3606     30.2175   0.0197182
       -1.66     45.4098     -0.2037      3.3606     30.1306   0.0723106
     -1.7251     43.6847     -0.0651      3.3606     30.0543  -0.0022889
     -1.5024     42.1823      0.2227      3.3606     29.8985   -0.182042
     -1.2973      40.885      0.2051      3.3606     29.8452   -0.178255
     -1.0728     39.8122      0.2245      3.3606     30.0043   -0.198351
      -0.894     38.9182      0.1788      3.3606     30.2372   -0.177547
     -0.7706     38.1476      0.1234      3.3606     30.5222   -0.148412
     -0.7143     37.4333      0.0563      3.3606     30.7609   -0.108936
     -0.7029     36.7304      0.0114      3.3606     31.0654  -0.0804804
      -0.749     35.9814     -0.0461      3.3606     31.2788  -0.0413362
     -0.8367     35.1447     -0.0877      3.3606     31.4503  -0.0093057
     -0.9541     34.1906     -0.1174      3.3606     31.5636   0.0174814
     -1.0878     33.1028     -0.1337      3.3606     31.6228   0.0374772
     -1.2246     31.8782     -0.1368      3.3606     31.6345   0.0501246
     -1.1294     30.7488      0.0952      3.3606     31.6041  -0.0906376
     -0.9649     29.7839      0.1645      3.3606     31.5708   -0.137877
     -0.6453     29.1386      0.3196      3.3606     31.7494    -0.24562
     -0.4355     28.7031      0.2098      3.3606     31.9748   -0.189343
     -0.3033     28.3998      0.1322      3.3606     32.2713   -0.148748
      -0.208     28.1918      0.0953      3.3606     32.6389   -0.130939
     -0.1776     28.0142      0.0304      3.3606     32.9624  -0.0930474
      -0.208     27.8062     -0.0304      3.3606     33.2616  -0.0543626
      -0.292     27.5142      -0.084      3.3606     33.5113  -0.0169586
     -0.4169     27.0973     -0.1249      3.3606     33.7002   0.0153269
     -0.5941     26.5032     -0.1772      3.3606     33.8446   0.0577036
      -0.613     25.8902     -0.0189      3.3606     33.9098  -0.0344546
     -0.4961     25.3941      0.1169      3.3606     33.8955   -0.120525
     -0.4052     24.9889      0.0909      3.3606     33.9757   -0.108436
     -0.3126     24.6763      0.0926      3.3606     34.1959   -0.113334
     -0.2512     24.4251      0.0614      3.3606     34.4364  -0.0970529
     -0.2266     24.1985      0.0246      3.3606     34.6885  -0.0755723
     -0.1187     24.0798      0.1079      3.3606     34.9279   -0.130807
      0.0722      24.152      0.1909      3.3606     35.1734    -0.19075
      0.1902     24.3422       0.118      3.3606     35.4461   -0.153717
      0.2445     24.5867      0.0543      3.3606     35.6735   -0.119054
       0.226     24.8127     -0.0185      3.3606      35.771  -0.0750901
      0.2191     25.0318     -0.0069      3.3606     35.8906  -0.0823486
      0.2102      25.242     -0.0089      3.3606     36.0417  -0.0813164
      0.1552     25.3972      -0.055      3.3606     36.2225   -0.051262
      0.0547     25.4519     -0.1005      3.3606     36.4015  -0.0189001
     -0.1072     25.3447     -0.1619      3.3606     36.6595   0.0266803
     -0.0919     25.2528      0.0153      3.3606     36.8843  -0.0801596
     -0.0891     25.1637      0.0028      3.3606     37.0574  -0.0725379
     -0.0985     25.0652     -0.0094      3.3606     37.2347  -0.0644336
     -0.1325     24.9327      -0.034      3.3606     37.4147  -0.0475081
     -0.1922     24.7405     -0.0597      3.3606     37.5825  -0.0284071
     -0.2603     24.4802     -0.0681      3.3606     37.7018   -0.019045
     -0.3592      24.121     -0.0989      3.3606     37.8115   0.0056554
     -0.4131     23.7079     -0.0539      3.3606     37.8994  -0.0173025
     -0.3758     23.3321      0.0373      3.3606     37.9533  -0.0728347
      -0.344     22.9881      0.0318      3.3606     38.0202  -0.0701563
     -0.3212     22.6669      0.0228      3.3606     38.1842  -0.0649783
     -0.3192     22.3477       0.002      3.3606      38.311  -0.0516447
     -0.1865     22.1612      0.1327      3.3606     38.4591   -0.136406
     -0.0747     22.0865      0.1118      3.3606     38.5905   -0.129455
     -0.0008     22.0857      0.0739      3.3606     38.8174   -0.110555
      0.0192     22.1049        0.02      3.3606     39.0269  -0.0793131
     -0.0323     22.0726     -0.0515      3.3606     39.3394  -0.0336382
     -0.1147     21.9579     -0.0824      3.3606      39.476  -0.0104693
      -0.278     21.6799     -0.1633      3.3606       39.65   0.0473963
     -0.3987     21.2812     -0.1207      3.3606     39.7221   0.0293088
     -0.4449     20.8363     -0.0462      3.3606     39.7061  -0.0116541
     -0.4843      20.352     -0.0394      3.3606     39.6947  -0.0122324
      -0.507      19.845     -0.0227      3.3606     39.7373   -0.019551
     -0.5231     19.3219     -0.0161      3.3606     39.7881  -0.0211045
     -0.4396     18.8823      0.0835      3.3606     39.8474  -0.0838877
     -0.3392     18.5431      0.1004      3.3606     39.8998  -0.0982309
     -0.2123     18.3308      0.1269      3.3606     40.0671   -0.120093
     -0.1334     18.1974      0.0789      3.3606      40.248  -0.0949954
     -0.0969     18.1005      0.0365      3.3606     40.4658  -0.0711627
     -0.1103     17.9902     -0.0134      3.3606     40.6691   -0.040195
     -0.1709     17.8193     -0.0606      3.3606     40.8411  -0.0082111
     -0.2907     17.5286     -0.1198      3.3606      40.988   0.0344106
     -0.4213     17.1073     -0.1306      3.3606     41.0622   0.0489457
       -0.56     16.5473     -0.1387      3.3606     41.0644   0.0626981
     -0.5605     15.9868     -0.0005      3.3606     41.0237  -0.0185144
      -0.525     15.4618      0.0355      3.3606     40.9602  -0.0403854
     -0.4647     14.9971      0.0603      3.3606     40.9976  -0.0570069
     -0.3946     14.6025      0.0701      3.3606     41.0839  -0.0653483
     -0.3369     14.2656      0.0577      3.3606     41.1804   -0.059898
      -0.196     14.0696      0.1409      3.3606     41.3174   -0.116557
     -0.0513     14.0183      0.1447      3.3606     41.4558   -0.126207
      0.0609     14.0792      0.1122      3.3606     41.6631   -0.112724
      0.1221     14.2013      0.0612      3.3606     41.9062  -0.0856731
      0.1232     14.3245      0.0011      3.3606     42.0413  -0.0500399
      0.0647     14.3892     -0.0585      3.3606     42.1108   -0.011432
     -0.0674     14.3218     -0.1321      3.3606     42.2343   0.0397994
     -0.2078      14.114     -0.1404      3.3606      42.396   0.0527036
     -0.2925     13.8215     -0.0847      3.3606     42.5154   0.0245655
      -0.352     13.4695     -0.0595      3.3606     42.5113   0.0135955
     -0.4138     13.0557     -0.0618      3.3606     42.5138   0.0194305
     -0.4411     12.6146     -0.0273      3.3606     42.5284   0.0014734
     -0.4529     12.1617     -0.0118      3.3606     42.5392  -0.0058543
     -0.4425     11.7192      0.0104      3.3606     42.5631  -0.0183876
     -0.4109     11.3083      0.0316      3.3606     42.6061  -0.0315181
     -0.2072     11.1011      0.2037      3.3606      42.668   -0.144749
      0.0796     11.1807      0.2868      3.3606     42.7662   -0.209761
      0.3046     11.4853       0.225      3.3606     42.9818   -0.185295
      0.4638     11.9491      0.1592      3.3606     43.1693   -0.155485
      0.4923     12.4414      0.0285      3.3606     43.1081  -0.0800238
      0.3874     12.8288     -0.1049      3.3606     42.9896   0.0043088
      0.1996     13.0284     -0.1878      3.3606     42.9934   0.0632156
     -0.0479     12.9805     -0.2475      3.3606       43.12    0.112049
     -0.2723     12.7082     -0.2244      3.3606     43.3032    0.110675
     -0.5639     12.1443     -0.2916      3.3606     43.5642     0.16785
     -0.6541     11.4902     -0.0902      3.3606     43.4895   0.0536626
     -0.6389     10.8513      0.0152      3.3606     43.2522  -0.0084511
     -0.5397     10.3116      0.0992      3.3606     43.1637  -0.0623904
       -0.41      9.9016      0.1297      3.3606     43.1744  -0.0862048
     -0.2246       9.677      0.1854      3.3606     43.2738   -0.128592
     -0.0329      9.6441      0.1917      3.3606     43.4254   -0.142241
      0.1369       9.781      0.1698      3.3606     43.6416   -0.138342
      0.2582     10.0392      0.1213      3.3606     43.8992   -0.116324
      0.3128      10.352      0.0546      3.3606     43.9354  -0.0800816
      0.3256     10.6776      0.0128      3.3606     43.9023   -0.056644
       0.349     11.0266      0.0234      3.3606     43.9105  -0.0652678
      0.3067     11.3333     -0.0423      3.3606     43.9531  -0.0245683
      0.2119     11.5452     -0.0948      3.3606     43.9884   0.0112256
      0.0999     11.6451      -0.112      3.3606     44.0593   0.0270699
     -0.0565     11.5886     -0.1564      3.3606     44.2048   0.0620122
     -0.2191     11.3695     -0.1626      3.3606     44.3852   0.0748447
     -0.3676     11.0019     -0.1485      3.3606     44.5211   0.0752095
     -0.4808     10.5211     -0.1132      3.3606     44.4757   0.0613583
     -0.5394      9.9817     -0.0586      3.3606     44.3886   0.0332637
     -0.4307       9.551      0.1087      3.3606      44.302  -0.0714766
     -0.2579      9.2931      0.1728      3.3606     44.2646   -0.118148
     -0.0538      9.2393      0.2041      3.3606     44.3613    -0.14738
      0.1753      9.4146      0.2291      3.3606     44.5807   -0.174819
      0.3071      9.7217      0.1318      3.3606      44.783   -0.124214
      0.4013      10.123      0.0942      3.3606     44.7803   -0.107757
      0.4071     10.5301      0.0058      3.3606      44.708  -0.0562395
      0.3283     10.8584     -0.0788      3.3606     44.6587  -0.0023668
      0.2778     11.1362     -0.0505      3.3606     44.6734  -0.0175542
      0.1876     11.3238     -0.0902      3.3606     44.7941   0.0103934
      0.0771     11.4009     -0.1105      3.3606     44.8958   0.0280881
     -0.0505     11.3504     -0.1276      3.3606     45.0333   0.0451348
     -0.1785     11.1719      -0.128      3.3606     45.2056   0.0525663
     -0.2908     10.8811     -0.1123      3.3606     45.3235   0.0498583
     -0.3729     10.5082     -0.0821      3.3606        45.3   0.0371262
     -0.4177     10.0905     -0.0448      3.3606      45.239   0.0183289
     -0.3864      9.7041      0.0313      3.3606     45.2055  -0.0277995
     -0.2017      9.5024      0.1847      3.3606     45.1885   -0.128839
     -0.0064       9.496      0.1953      3.3606     45.2361   -0.145335
      0.1861      9.6821      0.1925      3.3606     45.4107   -0.154223
      0.3577     10.0398      0.1716      3.3606     45.6889    -0.15168
      0.4307     10.4705       0.073      3.3606     45.6395  -0.0976079
      0.4256     10.8961     -0.0051      3.3606     45.5371  -0.0517595
      0.3405     11.2366     -0.0851      3.3606     45.4832  -0.0003558
      0.1833     11.4199     -0.1572      3.3606     45.5006   0.0505287
      0.0665     11.4864     -0.1168      3.3606     45.6138   0.0321628
     -0.0959     11.3905     -0.1624      3.3606     45.7569   0.0682553
     -0.1296     11.2609     -0.0337      3.3606      45.936  -0.0068235
     -0.1405     11.1204     -0.0109      3.3606     46.0033  -0.0195152
     -0.1181     11.0023      0.0224      3.3606      46.039  -0.0403057
     -0.0772     10.9251      0.0409      3.3606     46.0878  -0.0533009
     -0.0274     10.8977      0.0498      3.3606     46.1652  -0.0611483
      0.0196     10.9173       0.047      3.3606     46.2654  -0.0619711
      0.0968     11.0141      0.0772      3.3606     46.4008  -0.0843959
      0.1871     11.2012      0.0903      3.3606      46.489  -0.0975128
      0.2444     11.4456      0.0573      3.3606     46.4962  -0.0814256
      0.2557     11.7013      0.0113      3.3606     46.4657  -0.0551803
      0.2147      11.916      -0.041      3.3606     46.4506  -0.0223124
       0.124       12.04     -0.0907      3.3606     46.4726    0.011852
     -0.0058     12.0342     -0.1298      3.3606     46.5439    0.042079
     -0.0542       11.98     -0.0484      3.3606     46.6691  -0.0040816
      0.0099     11.9899      0.0641      3.3606     46.8932  -0.0749445
      0.0736     12.0635      0.0637      3.3606     46.9425  -0.0782377
      0.1352     12.1987      0.0616      3.3606     47.0292  -0.0805865
      0.1708     12.3695      0.0356      3.3606     47.0473  -0.0673501
      0.1844     12.5539      0.0136      3.3606     47.0416  -0.0554105
      0.1606     12.7145     -0.0238      3.3606      47.051  -0.0322147
      0.0847     12.7992     -0.0759      3.3606     47.0831    0.002738
      -0.017     12.7822     -0.1017      3.3606     47.1432   0.0235574
      0.1792     12.9614      0.1962      3.3606     47.2753   -0.165923
     -0.0611     12.9003     -0.2403      3.3606      47.377    0.108656
      0.0666     12.9669      0.1277      3.3606     47.2508   -0.118984
      0.1335     13.1004      0.0669      3.3606     47.3043  -0.0863832
      0.1973     13.2977      0.0638      3.3606     47.3545  -0.0884327
      0.2135     13.5112      0.0162      3.3606      47.347  -0.0613556
      0.2293     13.7405      0.0158      3.3606     47.3256  -0.0626251
       0.289     14.0295      0.0597      3.3606     47.3385  -0.0929365
      0.2998     14.3293      0.0108      3.3606     47.3557  -0.0650575
      0.2566     14.5859     -0.0432      3.3606     47.3282  -0.0311809
      0.1357     14.7216     -0.1209      3.3606     47.3326   0.0213188
     -0.0719     14.6497     -0.2076      3.3606     47.3881   0.0843497
      0.1482     14.7979      0.2201      3.3606     47.4961    -0.18416
      0.2902     15.0881       0.142      3.3606     47.5988   -0.145555
      0.4129      15.501      0.1227      3.3606     47.5332   -0.141594
      0.4665     15.9675      0.0536      3.3606     47.4248    -0.10432
      0.4373     16.4048     -0.0292      3.3606     47.3086   -0.054434
      0.3693     16.7741      -0.068      3.3606     47.2631  -0.0287259
      0.1363     16.9104      -0.233      3.3606     47.2839   0.0819812
     -0.1054      16.805     -0.2417      3.3606     47.3454    0.100086
     -0.3244     16.4806      -0.219      3.3606     47.5059    0.098827
     -0.5082     15.9724     -0.1838      3.3606     47.5965   0.0887892
     -0.4164      15.556      0.0918      3.3606     47.4544  -0.0800952
     -0.2592     15.2968      0.1572      3.3606     47.2747   -0.126732
      -0.059     15.2378      0.2002      3.3606     47.2958   -0.162765
      0.1215     15.3593      0.1805      3.3606     47.4004   -0.160696
      0.6147      15.974      0.4932      3.3606     47.5948   -0.375806
      1.1423     17.1163      0.5276      3.3606     47.6071   -0.427308
      1.4428     18.5591      0.3005      3.3606     47.0691   -0.311003
      1.5188     20.0779       0.076      3.3606     46.4833   -0.184811
       1.334     21.4119     -0.1848      3.3606     45.9384  -0.0227237
       1.164     22.5759       -0.17      3.3606     45.6934  -0.0262557
      1.0328     23.6087     -0.1312      3.3606     45.6897  -0.0458117
      0.7921     24.4008     -0.2407      3.3606      45.739   0.0300284
      0.5851     24.9859      -0.207      3.3606     45.7653   0.0188171
      0.2568     25.2427     -0.3283      3.3606     45.9352    0.107898
       0.182     25.4247     -0.0748      3.3606     46.1052  -0.0408581
      0.1207     25.5454     -0.0613      3.3606     46.3883  -0.0461326
      0.0799     25.6253     -0.0408      3.3606     46.5329  -0.0565507
        0.04     25.6653     -0.0399      3.3606      46.642  -0.0551359
      0.0004     25.6657     -0.0396      3.3606     46.7245  -0.0532579
     -0.0541     25.6116     -0.0545      3.3606     46.8259  -0.0413216
      0.4118     26.0234      0.4659      3.3606     46.9326   -0.379024
      1.0313     27.0547      0.6195      3.3606     46.9697   -0.506492
      1.4654     28.5201      0.4341      3.3606     46.5106   -0.422221
      1.6663     30.1864      0.2009      3.3606     44.4652   -0.297747
      1.7244     31.9108      0.0581      3.3606     43.6396   -0.220261
      1.7666     33.6774      0.0422      3.3606      43.218   -0.218215
      1.5725     35.2499     -0.1941      3.3606     42.9996  -0.0710597
      1.2637     36.5136     -0.3088      3.3606     42.8322   0.0100268
      0.8596     37.3732     -0.4041      3.3606     42.8463   0.0856412
      0.7442     38.1174     -0.1154      3.3606     43.0099  -0.0838106
      0.6213     38.7387     -0.1229      3.3606     43.2501  -0.0747837
       0.407     39.1457     -0.2143      3.3606     43.3867  -0.0100211
      0.1724     39.3181     -0.2346      3.3606     43.5014   0.0138409
     -0.0973     39.2208     -0.2697      3.3606     43.7191   0.0492172
     -0.3835     38.8373     -0.2862      3.3606     43.9978   0.0751501
      -0.524     38.3133     -0.1405      3.3606     44.1474  -0.0033919
     -0.3064     38.0069      0.2176      3.3606     43.9972   -0.228648
     -0.0591     37.9478      0.2473      3.3606      43.883    -0.25915
      0.1623     38.1101      0.2214      3.3606     43.9915    -0.25561
      0.2906     38.4007      0.1283      3.3606     44.2317   -0.207293
      0.2873      38.688     -0.0033      3.3606     44.2379   -0.129024
      0.2422     38.9302     -0.0451      3.3606     44.1832   -0.102325
      0.1613     39.0915     -0.0809      3.3606     44.2323  -0.0771221
     -0.0357     39.0558      -0.197      3.3606     44.3344    0.002889
     -0.3307     38.7251      -0.295      3.3606      44.478   0.0780211
     -0.4309     38.2942     -0.1002      3.3606     44.6391  -0.0323558
     -0.5078     37.7864     -0.0769      3.3606      44.414  -0.0408136
      -0.557     37.2294     -0.0492      3.3606     44.3409  -0.0532042
     -0.6396     36.5898     -0.0826      3.3606     44.2866  -0.0269502
     -0.7278      35.862     -0.0882      3.3606     44.2556  -0.0168204
     -0.8138     35.0482      -0.086      3.3606     44.2064   -0.011227
     -0.9268     34.1214      -0.113      3.3606     44.1237   0.0136294
     -1.0262     33.0952     -0.0994      3.3606      44.029   0.0137168
     -0.9306     32.1646      0.0956      3.3606     43.8978   -0.105463
      -0.788     31.3766      0.1426      3.3606     43.7352   -0.138714
     -0.6721     30.7045      0.1159      3.3606     43.7369   -0.126704
      -0.596     30.1085      0.0761      3.3606     43.8201   -0.104993
     -0.5784     29.5301      0.0176      3.3606     43.9181  -0.0690735
     -0.5128     29.0173      0.0656      3.3606     44.0141  -0.0997463
