#    p_error     i_error     d_error   max_error       speed     control
           0           0           0           0           0           0
           0           0           0           0           0           0
      0.7598      0.7598      0.7598      0.7598       0.438   -0.499948
      0.7598      1.5196           0      0.7598       0.438  -0.0463478
      0.7598      2.2794           0      0.7598        2.19  -0.0486272
      0.7598      3.0392           0      0.7598       4.818  -0.0509066
      0.7599      3.7991      0.0001      0.7599      6.7858  -0.0532518
      0.7596      4.5587     -0.0003      0.7599      1.6239  -0.0552741
      0.7591      5.3178     -0.0005      0.7599      0.8156  -0.0574039
      0.7584      6.0762     -0.0007      0.7599      0.7387  -0.0595206
      0.7578       6.834     -0.0006      0.7599      0.8045   -0.061821
      0.7571      7.5911     -0.0007      0.7599      0.9301  -0.0639938
      0.7562      8.3473     -0.0009      0.7599      1.0706  -0.0660929
      0.7545      9.1018     -0.0017      0.7599      1.3537  -0.0677829
      0.7521      9.8539     -0.0024      0.7599      1.7269  -0.0694872
      0.7504     10.6043     -0.0017      0.7599      1.8985  -0.0720649
      0.7473     11.3516     -0.0031      0.7599      2.2901  -0.0732963
      0.7442     12.0958     -0.0031      0.7599      2.6236  -0.0753584
      0.7389     12.8347     -0.0053      0.7599      3.1422  -0.0759636
      0.7331     13.5678     -0.0058      0.7599      3.6447  -0.0775439
      0.7261     14.2939      -0.007      0.7599      4.1396  -0.0786172
      0.7177     15.0116     -0.0084      0.7599       4.629  -0.0794683
      0.7076     15.7192     -0.0101      0.7599      5.1152  -0.0800156
      0.6937     16.4129     -0.0139      0.7599      5.6782  -0.0790522
       0.682     17.0949     -0.0117      0.7599      6.0779  -0.0817747
      0.6632     17.7581     -0.0188      0.7599      6.6372  -0.0784703
      0.6443     18.4024     -0.0189      0.7599      7.1102  -0.0793037
      0.6245     19.0269     -0.0198      0.7599      7.5862  -0.0795482
      0.6181      19.645     -0.0064      0.7599      7.9812  -0.0890905
      0.6017     20.2467     -0.0164      0.7599      8.4537  -0.0839936
      0.5908     20.8375     -0.0109      0.7599      8.9101  -0.0884665
      0.5802     21.4177     -0.0106      0.7599      9.5242  -0.0898041
      0.5713      21.989     -0.0089      0.7599      9.9007  -0.0920485
      0.5571     22.5461     -0.0142      0.7599     10.3486  -0.0897588
      0.5385     23.0846     -0.0186      0.7599      10.791  -0.0877113
      0.5154        23.6     -0.0231      0.7599     11.2345   -0.085287
      0.4876     24.0876     -0.0278      0.7599     11.8346  -0.0824008
       0.461     24.5486     -0.0266      0.7599     11.9789  -0.0830408
      0.4307     24.9793     -0.0303      0.7599     12.5472  -0.0804464
      0.3966     25.3759     -0.0341      0.7599     12.5565  -0.0774807
      0.3583     25.7342     -0.0383      0.7599     13.3173  -0.0739291
       0.316     26.0502     -0.0423      0.7599     13.4511  -0.0701506
      0.2791     26.3293     -0.0369      0.7599     13.6743  -0.0721984
      0.2289     26.5582     -0.0502      0.7599     14.2442  -0.0621441
      0.1628      26.721     -0.0661      0.7599     14.7767   -0.049457
      0.1031     26.8241     -0.0597      0.7599      14.913  -0.0503228
      0.0132     26.8373     -0.0899      0.7599     15.7754  -0.0272979
     -0.0698     26.7675      -0.083      0.7599     16.2234  -0.0266635
     -0.1567     26.6108     -0.0869      0.7599     16.7202  -0.0190739
     -0.2616     26.3492     -0.1049      0.7599     17.0711  -0.0017196
     -0.3385     26.0107     -0.0769      0.7599       17.46  -0.0132746
     -0.4454     25.5653     -0.1069      0.7599     17.7435   0.0119411
     -0.5374     25.0279      -0.092      0.7599     18.0886   0.0096733
     -0.6129      24.415     -0.0755      0.7599     18.3369   0.0057645
     -0.7004     23.7146     -0.0875      0.7599     18.5879   0.0198782
     -0.7993     22.9153     -0.0989      0.7993     18.8907   0.0345556
     -0.8798     22.0355     -0.0805      0.8798     19.1258   0.0305825
     -0.9622     21.0733     -0.0824      0.9622     19.3624   0.0391411
     -0.9979     20.0754     -0.0357      0.9979      19.536   0.0160783
     -1.0099     19.0655      -0.012      1.0099     19.7246    0.005548
     -1.0069     18.0586       0.003      1.0099     19.9754  -0.0005963
     -0.9994     17.0592      0.0075      1.0099     20.2113  -0.0007106
     -0.9884     16.0708       0.011      1.0099     20.4578  -0.0004504
     -0.9742     15.0966      0.0142      1.0099     20.7067  -0.0002288
     -0.9598     14.1368      0.0144      1.0099     20.9182   0.0017386
     -0.9429     13.1939      0.0169      1.0099     21.1267   0.0021378
     -0.9146     12.2793      0.0283      1.0099     21.4257  -0.0035149
     -0.8805     11.3988      0.0341      1.0099     21.7175  -0.0062289
      -0.853     10.5458      0.0275      1.0099     21.9446  -0.0012224
     -0.8173      9.7285      0.0357      1.0099     22.2207   -0.005654
      -0.771      8.9575      0.0463      1.0099      22.518  -0.0122475
     -0.7274      8.2301      0.0436      1.0099     22.7926  -0.0108433
     -0.6813      7.5488      0.0461      1.0099     23.0846  -0.0128349
     -0.6248       6.924      0.0565      1.0099     23.4341   -0.020308
     -0.5741      6.3499      0.0507      1.0099     23.7275  -0.0178942
     -0.5138      5.8361      0.0603      1.0099     24.0814  -0.0254293
      -0.467      5.3691      0.0468      1.0099     24.3417  -0.0185023
     -0.3605      5.0086      0.1065      1.0099     24.7149  -0.0590983
     -0.2445      4.7641       0.116      1.0099     25.0301  -0.0704448
     -0.1327      4.6314      0.1118      1.0099      25.402  -0.0736757
     -0.0151      4.6163      0.1176      1.0099      25.864  -0.0835784
      0.0721      4.6884      0.0872      1.0099      26.272  -0.0703507
      0.1434      4.8318      0.0713      1.0099      26.697  -0.0651624
      0.1983      5.0301      0.0549      1.0099     26.9753  -0.0589368
      0.2321      5.2622      0.0338      1.0099     27.1758  -0.0488321
      0.2625      5.5247      0.0304      1.0099     27.4528  -0.0492516
      0.2745      5.7992       0.012      1.0099     27.6996  -0.0396951
      0.2747      6.0739      0.0002      1.0099     27.9427  -0.0334502
      0.2645      6.3384     -0.0102      1.0099     28.1954  -0.0274427
      0.2422      6.5806     -0.0223      1.0099     28.4986  -0.0196828
      0.2391      6.8197     -0.0031      1.0099     28.7655  -0.0317496
      0.2805      7.1002      0.0414      1.0099     29.0427  -0.0615681
      0.3239      7.4241      0.0434      1.0099     29.3036  -0.0661268
      0.3579       7.782       0.034      1.0099     29.5176  -0.0634305
      0.3777      8.1597      0.0198      1.0099     29.7168  -0.0571326
      0.3818      8.5415      0.0041      1.0099     29.9155  -0.0490835
      0.3701      8.9116     -0.0117      1.0099     30.1207  -0.0400703
      0.3438      9.2554     -0.0263      1.0099     30.3361  -0.0308952
      0.2973      9.5527     -0.0465      1.0099     30.6022  -0.0171096
      0.2465      9.7992     -0.0508      1.0099     30.8437  -0.0124751
      0.1893      9.9885     -0.0572      1.0099     31.1059   -0.006057
      0.1291     10.1176     -0.0602      1.0099     31.3783  -0.0013333
      0.0694      10.187     -0.0597      1.0099     31.6615    0.001442
      0.0536     10.2406     -0.0158      1.0099     31.9537  -0.0241898
      0.0804      10.321      0.0268      1.0099     32.2517   -0.051465
      0.1159     10.4369      0.0355      1.0099      32.559  -0.0589852
      0.1417     10.5786      0.0258      1.0099     32.7776  -0.0550093
      0.1576     10.7362      0.0159      1.0099     33.0097  -0.0504166
      0.1559     10.8921     -0.0017      1.0099     33.2091  -0.0402308
      0.1351     11.0272     -0.0208      1.0099      33.446  -0.0280321
      0.1083     11.1355     -0.0268      1.0099     33.6248   -0.023283
      0.0582     11.1937     -0.0501      1.0099     33.8955  -0.0067221
      0.0064     11.2001     -0.0518      1.0099     34.1348  -0.0028723
     -0.0586     11.1415      -0.065      1.0099     34.4406   0.0087985
     -0.1356     11.0059      -0.077      1.0099     34.8453   0.0206403
     -0.0993     10.9066      0.0363      1.0099     34.9984  -0.0490383
      -0.009     10.8976      0.0903      1.0099     35.1124  -0.0863778
      0.1022     10.9998      0.1112      1.0099     35.3307    -0.10534
      0.2152      11.215       0.113      1.0099     35.6579   -0.113281
      0.2832     11.4982       0.068      1.0099     35.7915  -0.0908706
       0.314     11.8122      0.0308      1.0099     35.8699  -0.0711866
      0.3047     12.1169     -0.0093      1.0099     35.9711  -0.0475292
      0.2585     12.3754     -0.0462      1.0099     36.0998  -0.0236237
      0.1815     12.5569      -0.077      1.0099     36.2621  -0.0014532
      0.0834     12.6403     -0.0981      1.0099     36.4609   0.0163521
      0.0162     12.6565     -0.0672      1.0099     36.6955   0.0014595
       -0.03     12.6265     -0.0462      1.0099      36.961  -0.0085095
     -0.0718     12.5547     -0.0418      1.0099     37.2154  -0.0086351
     -0.1091     12.4456     -0.0373      1.0099     37.4024  -0.0089563
     -0.1419     12.3037     -0.0328      1.0099     37.5502  -0.0094266
     -0.1655     12.1382     -0.0236      1.0099     37.6668  -0.0131521
     -0.1926     11.9456     -0.0271      1.0099     37.8263  -0.0089838
      -0.211     11.7346     -0.0184      1.0099     37.9647  -0.0125588
     -0.1897     11.5449      0.0213      1.0099     38.1171  -0.0369812
     -0.0389      11.506      0.1508      1.0099      38.249   -0.122858
      0.1148     11.6208      0.1537      1.0099     38.4117   -0.133396
      0.2486     11.8694      0.1338      1.0099     38.6799   -0.129561
      0.3399     12.2093      0.0913      1.0099     38.7912   -0.110102
      0.3777      12.587      0.0378      1.0099     38.8158  -0.0812145
      0.3563     12.9433     -0.0214      1.0099     38.8446  -0.0455864
      0.2814     13.2247     -0.0749      1.0099     38.9195  -0.0102111
      0.1629     13.3876     -0.1185      1.0099     39.0465   0.0219777
     -0.0109     13.3767     -0.1738      1.0099     39.2599   0.0647494
     -0.1721     13.2046     -0.1612      1.0099     39.4939   0.0665717
     -0.2994     12.9052     -0.1273      1.0099     39.7256   0.0541314
     -0.3996     12.5056     -0.1002      1.0099      39.759   0.0445812
     -0.2621     12.2435      0.1375      1.0099     39.7594   -0.104815
     -0.0466     12.1969      0.2155      1.0099     39.7704   -0.163328
      0.1869     12.3838      0.2335      1.0099     39.9938   -0.187531
      0.3306     12.7144      0.1437      1.0099      40.238   -0.142546
      0.4468     13.1612      0.1162      1.0099     40.2687   -0.133778
      0.4908      13.652       0.044      1.0099     40.2464    -0.09435
      0.5584     14.2104      0.0676      1.0099     40.2264   -0.113903
      0.5865     14.7969      0.0281      1.0099     40.2587  -0.0935082
      0.4161      15.213     -0.1704      1.0099     40.3015   0.0337155
      0.2376     15.4506     -0.1785      1.0099      40.337   0.0476802
      0.0223     15.4729     -0.2153      1.0099     40.5346   0.0815348
      -0.032     15.4409     -0.0543      1.0099     40.7928  -0.0119827
      0.0348     15.4757      0.0668      1.0099     41.1055  -0.0884211
      0.1236     15.5993      0.0888      1.0099     41.2667   -0.106876
      0.2106     15.8099       0.087      1.0099     41.3893   -0.111213
      0.2726     16.0825       0.062      1.0099     41.4382    -0.10044
      0.2948     16.3773      0.0222      1.0099     41.4656  -0.0786659
      0.2598     16.6371      -0.035      1.0099     41.5109  -0.0432003
      0.1762     16.8133     -0.0836      1.0099     41.5797  -0.0099709
      0.0739     16.8872     -0.1023      1.0099     41.6787   0.0066539
      -0.075     16.8122     -0.1489      1.0099     41.8522   0.0430284
     -0.2381     16.5741     -0.1631      1.0099      42.059   0.0612332
      -0.244     16.3301     -0.0059      1.0099     42.1894  -0.0320303
     -0.1289     16.2012      0.1151      1.0099     42.1628   -0.110574
      0.0046     16.2058      0.1335      1.0099     42.2267    -0.12897
      0.1098     16.3156      0.1052      1.0099     42.3687   -0.118106
      0.2408     16.5564       0.131      1.0099     42.6243   -0.141513
      0.5873     17.1437      0.3465      1.0099     42.6709   -0.291633
      0.8909     18.0346      0.3036      1.0099     42.6414   -0.285263
      1.0851     19.1197      0.1942      1.0851     42.3284    -0.23356
      1.1312     20.2509      0.0461      1.1312     42.0598   -0.150629
      1.0429     21.2938     -0.0883      1.1312     41.8273  -0.0682609
       0.813     22.1068     -0.2299      1.1312     41.7298   0.0269046
      0.7483     22.8551     -0.0647      1.1312     41.7622  -0.0709018
      0.7373     23.5924      -0.011      1.1312     41.9712   -0.104729
      0.6941     24.2865     -0.0432      1.1312     42.0463   -0.085115
      0.5928     24.8793     -0.1013      1.1312     42.0682  -0.0464619
      0.5127      25.392     -0.0801      1.1312     42.1194  -0.0563145
      0.5884     25.9804      0.0757      1.1312     42.2353   -0.155723
      0.6257     26.6061      0.0373      1.1312     42.3546   -0.136612
      0.6066     27.2127     -0.0191      1.1312     42.3237   -0.103541
      0.5129     27.7256     -0.0937      1.1312     42.3075  -0.0551663
      0.3785     28.1041     -0.1344      1.1312     42.3398  -0.0244898
       0.119     28.2231     -0.2595      1.1312     42.4796   0.0644857
      0.0808     28.3039     -0.0382      1.1312     42.6556  -0.0664357
      0.3782     28.6821      0.2974      1.1312     42.9518   -0.285287
      0.6212     29.3033       0.243      1.1312     43.0943   -0.267876
      0.8456     30.1489      0.2244      1.1312     42.8324   -0.271595
       0.944     31.0929      0.0984      1.1312     42.5899   -0.204239
        0.98     32.0729       0.036      1.1312     42.3508   -0.171719
      1.0226     33.0955      0.0426      1.1312     42.2238   -0.181089
      0.9226     34.0181        -0.1      1.1312     42.1594  -0.0927973
      0.6877     34.7058     -0.2349      1.1312     42.0847  -0.0010009
      0.5358     35.2416     -0.1519      1.1312     42.1392  -0.0440538
      0.5935     35.8351      0.0577      1.1312      42.302   -0.174768
      0.6094     36.4445      0.0159      1.1312     42.5151    -0.15239
      0.5471     36.9916     -0.0623      1.1312     42.4914   -0.103685
      0.4258     37.4174     -0.1213      1.1312     42.4877  -0.0628912
      0.1582     37.5756     -0.2676      1.1312     42.5844   0.0391322
     -0.0928     37.4828      -0.251      1.1312     42.7114   0.0432556
     -0.2857     37.1971     -0.1929      1.1312     43.0623   0.0198622
     -0.1648     37.0323      0.1209      1.1312     43.2478   -0.174573
     -0.0585     36.9738      0.1063      1.1312     43.2102   -0.171484
      0.0422      37.016      0.1007      1.1312     43.3091   -0.173789
      0.0744     37.0904      0.0322      1.1312     43.4841   -0.134683
      0.0188     37.1092     -0.0556      1.1312     43.6026  -0.0790016
     -0.0325     37.0767     -0.0513      1.1312     43.6814  -0.0786626
      -0.079     36.9977     -0.0465      1.1312     43.8544  -0.0787481
     -0.1729     36.8248     -0.0939      1.1312     43.9431  -0.0446249
     -0.3766     36.4482     -0.2037      1.1312     44.0137   0.0335884
     -0.3314     36.1168      0.0452      1.1312     44.0235   -0.117243
     -0.2813     35.8355      0.0501      1.1312     43.9116   -0.122095
     -0.2641     35.5714      0.0172      1.1312     43.9515   -0.102509
     -0.2933     35.2781     -0.0292      1.1312     44.0293  -0.0721828
     -0.3856     34.8925     -0.0923      1.1312     44.1108  -0.0280895
     -0.5999     34.2926     -0.2143      1.1312     44.1654   0.0586967
     -0.7771     33.5155     -0.1772      1.1312     44.1488    0.048514
     -0.9832     32.5323     -0.2061      1.1312     43.9569   0.0801391
     -0.9686     31.5637      0.0146      1.1312     43.7844  -0.0501781
     -0.9238     30.6399      0.0448      1.1312     43.5624  -0.0679907
     -0.8556     29.7843      0.0682      1.1312     43.4967  -0.0832149
     -0.7989     28.9854      0.0567      1.1312     43.4928  -0.0770367
     -0.7387     28.2467      0.0602      1.1312     43.5267  -0.0802316
     -0.5489     27.6978      0.1898      1.1312     43.5735   -0.166784
     -0.4005     27.2973      0.1484      1.1312     43.6108   -0.148904
     -0.2771     27.0202      0.1234      1.1312     43.7546    -0.13986
     -0.2345     26.7857      0.0426      1.1312     43.9235  -0.0930196
     -0.2972     26.4885     -0.0627      1.1312     44.1181  -0.0254995
     -0.4451     26.0434     -0.1479      1.1312     44.2368   0.0350903
     -0.6199     25.4235     -0.1748      1.1312     44.2582    0.062704
     -0.9441     24.4794     -0.3242      1.1312     44.1427    0.173007
     -1.1974      23.282     -0.2533      1.1974     43.9753    0.147991
     -1.2223     22.0597     -0.0249      1.2223     43.5834   0.0159874
     -1.1785     20.8812      0.0438      1.2223     43.3716  -0.0241061
     -1.0285     19.8527        0.15      1.2223     43.2251  -0.0929906
     -0.8498     19.0029      0.1787      1.2223     43.1834    -0.11749
     -0.6249      18.378      0.2249      1.2223     43.2526   -0.155704
     -0.4789     17.8991       0.146      1.2223     43.3501   -0.114958
     -0.3471      17.552      0.1318      1.2223     43.5332   -0.112645
      -0.277      17.275      0.0701      1.2223     43.7034    -0.07865
     -0.2796     16.9954     -0.0026      1.2223     43.8994  -0.0340482
     -0.3372     16.6582     -0.0576      1.2223     44.0133   0.0031314
     -0.4788     16.1794     -0.1416      1.2223     44.0974   0.0627558
     -0.6363     15.5431     -0.1575      1.2223       44.11   0.0828672
     -0.8252     14.7179     -0.1889      1.2223     44.0254    0.114572
       -0.68     14.0379      0.1452      1.2223     43.8721  -0.0918337
     -0.5077     13.5302      0.1723      1.2223     43.7084   -0.116047
     -0.2109     13.3193      0.2968      1.2223     43.7928   -0.206438
     -0.0368     13.2825      0.1741      1.2223     43.9227   -0.142283
      0.1194     13.4019      0.1562      1.2223     44.1871   -0.140493
      0.1945     13.5964      0.0751      1.2223      44.443  -0.0965467
      0.1719     13.7683     -0.0226      1.2223     44.4895  -0.0371994
      0.0582     13.8265     -0.1137      1.2223     44.4967   0.0235395
      -0.161     13.6655     -0.2192      1.2223      44.593   0.0993785
     -0.3928     13.2727     -0.2318      1.2223     44.7629    0.120866
     -0.6933     12.5794     -0.3005      1.2223     44.7521    0.180693
     -0.8663     11.7131      -0.173      1.2223      44.596    0.116307
     -0.9552     10.7579     -0.0889      1.2223     44.3087   0.0736023
     -0.9423      9.8156      0.0129      1.2223     44.1052   0.0146397
     -0.8081      9.0075      0.1342      1.2223     43.9521   -0.063097
     -0.6466      8.3609      0.1615      1.2223     43.9122  -0.0864197
     -0.3701      7.9908      0.2765      1.2223     43.9957   -0.169517
     -0.1203      7.8705      0.2498      1.2223     44.1252   -0.166875
      0.0685       7.939      0.1888      1.2223     44.3172   -0.140864
      0.1904      8.1294      0.1219      1.2223     44.5033      -0.108
      0.3139      8.4433      0.1235      1.2223     44.6592   -0.116694
       0.362      8.8053      0.0481      1.2223     44.6501  -0.0751859
      0.3324      9.1377     -0.0296      1.2223     44.5926  -0.0279351
       0.229      9.3667     -0.1034      1.2223     44.5847   0.0213449
      0.0685      9.4352     -0.1605      1.2223     44.6467   0.0642269
     -0.1579      9.2773     -0.2264      1.2223     44.8082    0.116693
     -0.3537      8.9236     -0.1958      1.2223     45.0138    0.110163
     -0.5362      8.3874     -0.1825      1.2223     45.0231    0.113829
     -0.6136      7.7738     -0.0774      1.2223     44.9259   0.0568666
     -0.6335      7.1403     -0.0199      1.2223     44.7713   0.0253616
     -0.5563       6.584      0.0772      1.2223     44.6801  -0.0354755
     -0.4165      6.1675      0.1398      1.2223     44.6535   -0.079475
     -0.2633      5.9042      0.1532      1.2223     44.7003  -0.0951511
     -0.0292       5.875      0.2341      1.2223     44.8586   -0.156479
      0.1622      6.0372      0.1914      1.2223      45.034   -0.141873
      0.3686      6.4058      0.2064      1.2223     45.3353    -0.16333
      0.8616      7.2674       0.493      1.2223     45.3343    -0.36499
      0.4508      7.7182     -0.4108      1.2223     45.1907    0.198531
      0.3573      8.0755     -0.0935      1.2223     44.6339    0.012222
      0.1699      8.2454     -0.1874      1.2223     44.7186   0.0783593
     -0.0308      8.2146     -0.2007      1.2223     44.8814   0.0974702
     -0.2315      7.9831     -0.2007      1.2223     45.0857    0.109203
     -0.3994      7.5837     -0.1679      1.2223     45.2891   0.0999559
     -0.5295      7.0542     -0.1301      1.2223     45.1725   0.0860199
     -0.5484      6.5058     -0.0189      1.2223     44.9727   0.0219846
     -0.4847      6.0211      0.0637      1.2223     44.8352  -0.0296248
     -0.3389      5.6822      0.1458      1.2223     44.9157  -0.0858871
     -0.1406      5.5416      0.1983      1.2223     44.9604   -0.127872
      0.2066      5.7482      0.3472      1.2223     45.1172   -0.236928
      0.6237      6.3719      0.4171      1.2223     45.3356   -0.303679
      1.0222      7.3941      0.3985      1.2223      45.314   -0.317503
      1.1994      8.5935      0.1772      1.2223     45.0068   -0.198068
        1.25      9.8435      0.0506        1.25     44.5397    -0.12864
       1.155     10.9985      -0.095        1.25     44.3108  -0.0395205
      0.8471     11.8456     -0.3079        1.25     44.1433    0.102613
      0.6154      12.461     -0.2317        1.25     44.1303     0.06779
      0.3874     12.8484      -0.228        1.25     44.3378   0.0769478
      0.1934     13.0418      -0.194        1.25     44.5443   0.0666376
      0.0494     13.0912      -0.144        1.25     44.7338   0.0444094
     -0.0876     13.0036      -0.137        1.25     44.9687   0.0480072
     -0.1897     12.8139     -0.1021        1.25     45.2219   0.0332518
     -0.2236     12.5903     -0.0339        1.25     45.2958  -0.0051329
      -0.003     12.5873      0.2206        1.25     45.2822   -0.169957
      0.4334     13.0207      0.4364        1.25     45.3066   -0.324739
      0.8082     13.8289      0.3748        1.25     45.5063   -0.310818
       1.371     15.1999      0.5628       1.371     45.1353   -0.458685
      2.0221      17.222      0.6511      2.0221     44.7093   -0.553542
      2.4528     19.6748      0.4307      2.4528     42.1059   -0.452348
      2.5986     22.2734      0.1458      2.5986     39.8869   -0.297223
      2.5545     24.8279     -0.0441      2.5986      37.907   -0.188521
      2.4174     27.2453     -0.1371      2.5986     36.1668   -0.132433
      2.4272     29.6725      0.0098      2.5986     36.0369   -0.228393
      2.4121     32.0846     -0.0151      2.5986     35.9771   -0.219859
      2.2453     34.3299     -0.1668      2.5986     35.7535   -0.126401
      2.0863     36.4162      -0.159      2.5986     35.6068   -0.128595
      2.3895     38.8057      0.3032      2.5986     35.5929    -0.42976
      2.7136     41.5193      0.3241      2.7136     35.6154   -0.468266
      2.8121     44.3314      0.0985      2.8121     35.1543    -0.34676
      2.7461     47.0775      -0.066      2.8121     31.8687   -0.252668
      2.5001     49.5776      -0.246      2.8121     31.2513   -0.138638
      2.4568     52.0344     -0.0433      2.8121     31.1339   -0.265247
      2.4186      54.453     -0.0382      2.8121     31.2089   -0.273462
      2.2905     56.7435     -0.1281      2.8121     31.1151   -0.219348
      2.0054     58.7489     -0.2851      2.8121      30.996   -0.115484
      1.7196     60.4685     -0.2858      2.8121     31.0017   -0.104504
      1.4591     61.9276     -0.2605      2.8121     31.2566   -0.109733
       1.351     63.2786     -0.1081      2.8121      31.457   -0.199281
      1.1401     64.4187     -0.2109      2.8121     31.7599   -0.129422
      0.8932     65.3119     -0.2469      2.8121     31.8926  -0.0969217
      0.5836     65.8955     -0.3096      2.8121     32.1405  -0.0440245
      0.2227     66.1182     -0.3609      2.8121     32.4618   0.0059369
     -0.0048     66.1134     -0.2275      2.8121     32.8781  -0.0615762
     -0.0608     66.0526      -0.056      2.8121     33.5604   -0.161214
      -0.108     65.9446     -0.0472      2.8121      33.926   -0.163574
     -0.2219     65.7227     -0.1139      2.8121     34.1353   -0.116624
     -0.3815     65.3412     -0.1596      2.8121     34.2964  -0.0792811
     -0.6365     64.7047      -0.255      2.8121     34.4175  -0.0061066
     -0.8096     63.8951     -0.1731      2.8121     34.4516  -0.0432973
     -1.0311      62.864     -0.2215      2.8121     34.3701   0.0010185
     -1.3124     61.5516     -0.2813      2.8121     34.3026   0.0563072
     -1.5653     59.9863     -0.2529      2.8121     34.1822   0.0578726
     -1.7702     58.2161     -0.2049      2.8121     34.0019   0.0456527
     -2.0563     56.1598     -0.2861      2.8121     33.6824    0.116277
     -2.0588      54.101     -0.0025      2.8121      33.493   -0.047569
     -1.9875     52.1135      0.0713      2.8121     33.1582   -0.089808
     -1.8924     50.2211      0.0951      2.8121     33.0297   -0.103641
     -1.7884     48.4327       0.104      2.8121     32.9976   -0.109336
     -1.7205     46.7122      0.0679      2.8121     33.0131  -0.0862491
     -1.6816     45.0306      0.0389      2.8121     33.0562  -0.0659438
      -1.673     43.3576      0.0086      2.8121     33.0829  -0.0432178
      -1.693     41.6646       -0.02      2.8121     33.0974  -0.0198788
     -1.7343     39.9303     -0.0413      2.8121     33.0855   0.0003756
       -1.79     38.1403     -0.0557      2.8121     33.0459   0.0174491
     -1.8513      36.289     -0.0613      2.8121     32.9804   0.0297345
     -1.9004     34.3886     -0.0491      2.8121     32.9082   0.0308162
     -1.9502     32.4384     -0.0498      2.8121     32.8062   0.0398258
     -1.9893     30.4491     -0.0391      2.8121     32.6908   0.0415242
     -2.0022     28.4469     -0.0129      2.8121     32.5686   0.0325203
     -1.9887     26.4582      0.0135      2.8121     32.4676   0.0219039
     -1.9597     24.4985       0.029      2.8121     32.4003    0.016888
     -1.8947     22.6038       0.065      2.8121     32.3378  -0.0026029
      -1.816     20.7878      0.0787      2.8121     32.3038  -0.0097034
     -1.7119     19.0759      0.1041      2.8121     32.3092  -0.0255332
     -1.6163     17.4596      0.0956      2.8121     32.3353  -0.0208423
     -1.4966      15.963      0.1197      2.8121     32.4036   -0.037396
     -1.3948     14.5682      0.1018      2.8121     32.4694  -0.0280706
     -1.2544     13.3138      0.1404      2.8121     32.6017  -0.0551894
     -1.1576     12.1562      0.0968      2.8121     32.6996  -0.0308806
     -1.0329     11.1233      0.1247      2.8121     32.8904  -0.0513804
     -0.9366     10.1867      0.0963      2.8121     33.0401  -0.0368271
     -0.8641      9.3226      0.0725      2.8121     33.1913  -0.0239423
     -0.7751      8.5475       0.089      2.8121     33.3996   -0.036412
     -0.7074      7.8401      0.0677      2.8121     33.5668  -0.0252333
     -0.6473      7.1928      0.0601      2.8121     33.7554  -0.0220369
     -0.6027      6.5901      0.0446      2.8121     33.9085  -0.0133818
     -0.5461       6.044      0.0566      2.8121     34.1219  -0.0220565
     -0.5816      5.4624     -0.0355      2.8121     34.2971   0.0369008
     -0.8117      4.6507     -0.2301      2.8121     34.4863    0.168751
     -1.0361      3.6146     -0.2244      2.8121     34.5972    0.180782
     -1.1934      2.4212     -0.1573      2.8121     34.5006    0.152753
     -1.3177      1.1035     -0.1243      2.8121     34.3426    0.143743
     -1.4294     -0.3259     -0.1117      2.8121     34.2313    0.146615
     -1.7328     -2.0587     -0.3034      2.8121     34.1512     0.28352
     -2.0774     -4.1361     -0.3446      2.8121     34.0355    0.333425
     -2.2687     -6.4048     -0.1913      2.8121     33.6913    0.258773
     -2.3394     -8.7442     -0.0707      2.8121     33.2421     0.19732
      -2.292    -11.0362      0.0474      2.8121     32.9846    0.130729
     -2.1259    -13.1621      0.1661      2.8121     32.7906   0.0567508
     -1.9818    -15.1439      0.1441      2.8121     32.7109   0.0679707
     -2.2128    -17.3567      -0.231      2.8121     32.7536    0.312374
     -2.4111    -19.7678     -0.1983      2.8121     32.8125    0.310894
     -2.5091    -22.2769      -0.098      2.8121     32.5006    0.263631
     -2.4981     -24.775       0.011      2.8121     32.0728    0.205121
     -2.7032    -27.4782     -0.2051      2.8121     31.8224    0.354171
     -3.0176    -30.4958     -0.3144      3.0176     31.6822    0.446095
     -3.2005    -33.6963     -0.1829      3.2005     31.2832    0.386856
     -3.2274    -36.9237     -0.0269      3.2274      29.492    0.304418
     -3.1726    -40.0963      0.0548      3.2274     28.0483    0.261902
     -3.0327     -43.129      0.1399      3.2274     26.7211    0.212246
     -2.9768    -46.1058      0.0559      3.2274     26.6452    0.268501
     -3.0696    -49.1754     -0.0928      3.2274     26.6138    0.372034
     -3.0966     -52.272      -0.027      3.2274     26.5123    0.343329
     -2.9958    -55.2678      0.1008      3.2274     26.1893    0.270092
     -2.7933    -58.0611      0.2025      3.2274     25.9904    0.206315
     -2.5538    -60.6149      0.2395      3.2274     25.9403    0.178604
     -2.1973    -62.8122      0.3565      3.2274     26.0121   0.0953881
     -1.8509    -64.6631      0.3464      3.2274     26.1254   0.0879488
     -1.4552    -66.1183      0.3957      3.2274     26.4615   0.0409709
     -1.1854    -67.3037      0.2698      3.2274     26.7431    0.105228
       -0.83    -68.1337      0.3554      3.2274     27.1717   0.0368111
     -0.4366    -68.5703      0.3934      3.2274     27.5387  -0.0063161
     -0.0081    -68.5784      0.4285      3.2274     28.0151  -0.0509193
      0.4443    -68.1341      0.4524      3.2274     28.5834  -0.0914742
        0.89    -67.2441      0.4457      3.2274     29.3519   -0.114638
      1.1703    -66.0738      0.2803      3.2274     29.2758  -0.0343251
      1.3854    -64.6884      0.2151      3.2274     29.0811  -0.0111918
      1.6269    -63.0615      0.2415      3.2274     28.9284   -0.045195
      1.9002    -61.1613      0.2733      3.2274     28.7898  -0.0850071
      2.1777    -58.9836      0.2775      3.2274     28.6214   -0.109323
      2.2633    -56.7203      0.0856      3.2274     28.3821  -0.0056806
      2.3618    -54.3585      0.0985      3.2274     28.0935  -0.0259235
      2.4459    -51.9126      0.0841      3.2274     27.9401  -0.0292467
      2.5239    -49.3887       0.078      3.2274     27.7853  -0.0374484
      2.5945    -46.7942      0.0706      3.2274     27.6287  -0.0446749
      2.6575    -44.1367       0.063      3.2274     27.4675  -0.0515524
      2.7116    -41.4251      0.0541      3.2274     27.3034  -0.0573227
      2.7617    -38.6634      0.0501      3.2274     27.1113  -0.0659633
      2.7919    -35.8715      0.0302      3.2274      26.948    -0.06406
      2.8087    -33.0628      0.0168      3.2274     26.7836  -0.0653701
      2.8119    -30.2509      0.0032      3.2274     26.6575  -0.0658218
      2.8015    -27.4494     -0.0104      3.2274     26.5183  -0.0654943
      2.7682    -24.6812     -0.0333      3.2274     26.3925  -0.0582274
      2.7182     -21.963       -0.05      3.2274     26.2825   -0.053612
       2.655     -19.308     -0.0632      3.2274     26.1987   -0.050181
      2.5933    -16.7147     -0.0617      3.2274      26.148  -0.0554674
      2.5098    -14.2049     -0.0835      3.2274     26.1112  -0.0453243
      2.3992    -11.8057     -0.1106      3.2274     26.0801  -0.0301789
      2.2938     -9.5119     -0.1054      3.2274     26.0843  -0.0343833
      2.1824     -7.3295     -0.1114      3.2274     26.1271  -0.0312035
      2.0664     -5.2631      -0.116      3.2274     26.1845  -0.0282627
      1.9666     -3.2965     -0.0998      3.2274     26.2486  -0.0383935
      1.8433     -1.4532     -0.1233      3.2274     26.3489  -0.0230419
      1.7158      0.2626     -0.1275      3.2274     26.4684  -0.0186568
      1.6509      1.9135     -0.0649      3.2274     26.6061     -0.0576
      1.5976      3.5111     -0.0533      3.2274     26.7672  -0.0664213
      1.5482      5.0593     -0.0494      3.2274     26.8689  -0.0706889
      1.4647       6.524     -0.0835      3.2274     27.0013  -0.0500305
      1.3929      7.9169     -0.0718      3.2274     27.0983  -0.0572802
      1.2774      9.1943     -0.1155      3.2274     27.2801  -0.0285399
      1.1648     10.3591     -0.1126      3.2274      27.439  -0.0275813
       1.084     11.4431     -0.0808      3.2274     27.5764  -0.0454693
      0.9358     12.3789     -0.1482      3.2274      27.837   0.0003143
      0.8007     13.1796     -0.1351      3.2274     28.0464  -0.0025173
      0.6628     13.8424     -0.1379      3.2274     28.3228   0.0047588
       0.549     14.3914     -0.1138      3.2274     28.5657  -0.0050892
      0.3936      14.785     -0.1554      3.2274     28.9294    0.027237
      0.2855     15.0705     -0.1081      3.2274     29.1862    0.003946
      0.1632     15.2337     -0.1223      3.2274     29.5428   0.0187029
      0.0499     15.2836     -0.1133      3.2274     29.8823   0.0193847
      -0.054     15.2296     -0.1039      3.2274     30.2425   0.0196212
      0.1742     15.4038      0.2282      3.2274     30.6111   -0.192712
     -0.0075     15.3963     -0.1817      3.2274      30.886   0.0632436
      0.1577      15.554      0.1652      3.2274     30.9889   -0.154455
      0.3427     15.8967       0.185      3.2274     31.4133   -0.177539
      0.4899     16.3866      0.1472      3.2274     31.5299   -0.164424
      0.5906     16.9772      0.1007      3.2274     31.5662   -0.143835
      0.6338      17.611      0.0432      3.2274     31.6067   -0.113612
      0.6401     18.2511      0.0063      3.2274     31.6698  -0.0937388
      0.7239      18.975      0.0838      3.2274     31.7686   -0.147019
      0.9895     19.9645      0.2656      3.2274     31.9193   -0.273676
      1.2142     21.1787      0.2247      3.2274     31.9926   -0.265137
      1.3619     22.5406      0.1477      3.2274     31.8335   -0.231146
      1.4131     23.9537      0.0512      3.2274     31.6813   -0.180302
      1.3696     25.3233     -0.0435      3.2274     31.5884   -0.125198
      1.2683     26.5916     -0.1013      3.2274     31.5773  -0.0887513
      1.0844      27.676     -0.1839      3.2274     31.6551    -0.03233
      0.8468     28.5228     -0.2376      3.2274     31.7986   0.0104176
      0.5728     29.0956      -0.274      3.2274     32.0342   0.0456092
      0.7662     29.8618      0.1934      3.2274      32.404   -0.247766
        1.24     31.1018      0.4738      3.2274     32.7237   -0.445785
       1.774     32.8758       0.534      3.2274     32.6471   -0.516597
      2.1934     35.0692      0.4194      3.2274     32.1417   -0.477485
      2.4411     37.5103      0.2477      3.2274     29.7637   -0.395411
      2.5175     40.0278      0.0764      3.2274      27.582   -0.304386
      2.4771     42.5049     -0.0404      3.2274     26.2152   -0.239515
       2.303     44.8079     -0.1741      3.2274     26.1432   -0.156629
      2.1101      46.918     -0.1929      3.2274     26.1083    -0.14107
      1.7755     48.6935     -0.3346      3.2274     26.2432   -0.042973
      1.4378     50.1313     -0.3377      3.2274     26.4042  -0.0268529
      1.0669     51.1982     -0.3709      3.2274     26.7224   0.0102659
      0.6773     51.8755     -0.3896      3.2274     27.1032    0.040882
      0.5666     52.4421     -0.1107      3.2274     27.5625   -0.122069
      0.8341     53.2762      0.2675      3.2274     28.0027   -0.366204
      1.2778      54.554      0.4437      3.2274      28.373   -0.500161
      1.5886     56.1426      0.3108      3.2274      28.216   -0.442281
      1.7735     57.9161      0.1849      3.2274     27.8006   -0.382231
      1.8224     59.7385      0.0489      3.2274     27.5847   -0.308787
      1.7681     61.5066     -0.0543      3.2274     27.4451   -0.249185
      1.6058     63.1124     -0.1623      3.2274     27.4279   -0.180276
       1.352     64.4644     -0.2538      3.2274     27.5105   -0.115473
      1.0242     65.4886     -0.3278      3.2274     27.7078  -0.0561168
      0.5714       66.06     -0.4528      3.2274     28.0699    0.042073
      0.2141     66.2741     -0.3573      3.2274     28.4158   0.0037822
     -0.3029     65.9712      -0.517      3.2274     29.0873    0.128946
     -0.7421     65.2291     -0.4392      3.2274     29.6603    0.108648
     -0.8888     64.3403     -0.1467      3.2274     29.8208  -0.0561169
     -0.9362     63.4041     -0.0474      3.2274     29.6414   -0.110281
     -0.9626     62.4415     -0.0264      3.2274     29.6171   -0.118541
     -1.0155      61.426     -0.0529      3.2274     29.7038  -0.0966855
     -1.0874     60.3386     -0.0719      3.2274      29.805  -0.0780688
     -1.1867     59.1519     -0.0993      3.2274     29.8843  -0.0526072
      -1.311     57.8409     -0.1243      3.2274     29.9356  -0.0268377
     -1.3774     56.4635     -0.0664      3.2274     29.9491  -0.0537935
     -1.1829     55.2806      0.1945      3.2274     29.9213   -0.217482
     -0.9629     54.3177        0.22      3.2274     29.9233   -0.241994
     -0.8376     53.4801      0.1253      3.2274     30.0723   -0.189552
     -0.7501       52.73      0.0875      3.2274     30.3528   -0.169434
      -0.732      51.998      0.0181      3.2274      30.611   -0.126594
      -0.779      51.219      -0.047      3.2274     30.8452   -0.082612
     -0.8841     50.3349     -0.1051      3.2274     31.0269  -0.0393192
      -1.064     49.2709     -0.1799      3.2274     31.1595   0.0186473
     -1.2515     48.0194     -0.1875      3.2274     31.2049   0.0372743
      -1.417     46.6024     -0.1655      3.2274     31.1644   0.0374278
      -1.602     45.0004      -0.185      3.2274     31.0703   0.0641088
     -1.4867     43.5137      0.1153      3.2274     30.9688   -0.117953
     -1.2535     42.2602      0.2332      3.2274     30.8252   -0.197758
     -1.0239     41.2363      0.2296      3.2274     30.9025   -0.205154
     -0.8344     40.4019      0.1895      3.2274     31.1222   -0.189014
     -0.7036     39.6983      0.1308      3.2274     31.4046   -0.158877
      -0.638     39.0603      0.0656      3.2274      31.695   -0.121451
      -0.637     38.4233       0.001      3.2274      31.962  -0.0808349
     -0.6942     37.7291     -0.0572      3.2274     32.1843  -0.0406863
      -0.799     36.9301     -0.1048      3.2274     32.3491  -0.0039653
     -0.9371      35.993     -0.1381      3.2274     32.4509   0.0264215
     -1.0933     34.8997     -0.1562      3.2274      32.491   0.0491524
     -1.1504     33.7493     -0.0571      3.2274     32.4097  -0.0037159
     -0.9485     32.8008      0.2019      3.2274     32.3601   -0.167375
     -0.6934     32.1074      0.2551      3.2274     32.3706   -0.211245
     -0.4556     31.6518      0.2378      3.2274      32.577   -0.212577
     -0.2693     31.3825      0.1863      3.2274     32.8949   -0.191116
      -0.139     31.2435      0.1303      3.2274      33.316   -0.164265
     -0.1096     31.1339      0.0294      3.2274     33.6143   -0.105014
     -0.1719      30.962     -0.0623      3.2274     34.0549  -0.0460515
     -0.2729     30.6891      -0.101      3.2274       34.27  -0.0164578
     -0.4378     30.2513     -0.1649      3.2274     34.4319   0.0322651
     -0.6262     29.6251     -0.1884      3.2274     34.5349   0.0586057
     -0.6209     29.0042      0.0053      3.2274     34.5545  -0.0560431
      -0.547     28.4572      0.0739      3.2274     34.5112  -0.0996266
     -0.4786     27.9786      0.0684      3.2274     34.6147  -0.0986528
     -0.4276      27.551       0.051      3.2274     34.7978   -0.089735
     -0.4037     27.1473      0.0239      3.2274     35.0324  -0.0735784
      -0.386     26.7613      0.0177      3.2274     35.1959  -0.0696739
     -0.1845     26.5768      0.2015      3.2274     35.4023   -0.190483
      -0.062     26.5148      0.1225      3.2274     35.5441   -0.149634
      0.0365     26.5513      0.0985      3.2274     35.8465   -0.140761
      0.0681     26.6194      0.0316      3.2274     36.1543   -0.102564
      0.0482     26.6676     -0.0199      3.2274     36.4214  -0.0707138
      0.0674      26.735      0.0192      3.2274     36.5679   -0.095432
      0.0425     26.7775     -0.0249      3.2274      36.774    -0.06773
     -0.0486     26.7289     -0.0911      3.2274     36.9769  -0.0228537
     -0.1764     26.5525     -0.1278      3.2274     37.1826   0.0067245
     -0.2025       26.35     -0.0261      3.2274     37.3675  -0.0522525
     -0.1978     26.1522      0.0047      3.2274     37.4366  -0.0703976
     -0.2072      25.945     -0.0094      3.2274     37.5578   -0.060799
      -0.239      25.706     -0.0318      3.2274     37.7125   -0.044893
     -0.2959     25.4101     -0.0569      3.2274     37.8595  -0.0258158
     -0.3758     25.0343     -0.0799      3.2274     37.9828  -0.0064939
     -0.4908     24.5435      -0.115      3.2274     38.0893   0.0223635
     -0.5347     24.0088     -0.0439      3.2274     38.1382  -0.0162779
     -0.4927     23.5161       0.042      3.2274     38.1469  -0.0686498
     -0.4469     23.0692      0.0458      3.2274     38.1971  -0.0721081
     -0.4087     22.6605      0.0382      3.2274     38.3198   -0.068423
     -0.3911     22.2694      0.0176      3.2274     38.4396  -0.0558577
     -0.2676     22.0018      0.1235      3.2274     38.6085   -0.125387
     -0.1361     21.8657      0.1315      3.2274     38.7396   -0.137012
     -0.0411     21.8246       0.095      3.2274     38.9507   -0.120213
      0.0006     21.8252      0.0417      3.2274     39.2436  -0.0905286
     -0.0215     21.8037     -0.0221      3.2274     39.4469  -0.0509686
     -0.1212     21.6825     -0.0997      3.2274     39.6874   0.0014385
     -0.2607     21.4218     -0.1395      3.2274     39.8384   0.0337731
     -0.4129     21.0089     -0.1522      3.2274     39.9046   0.0510028
     -0.4739      20.535      -0.061      3.2274     39.9055   0.0010595
     -0.5077     20.0273     -0.0338      3.2274     39.8755  -0.0118784
     -0.5356     19.4917     -0.0279      3.2274     39.8967  -0.0122771
     -0.5563     18.9354     -0.0207      3.2274     39.9519  -0.0137897
     -0.4695     18.4659      0.0868      3.2274     40.0017  -0.0816552
     -0.3646     18.1013      0.1049      3.2274     40.0449  -0.0971909
     -0.2457     17.8556      0.1189      3.2274      40.181   -0.111393
      -0.139     17.7166      0.1067      3.2274     40.3903   -0.109525
     -0.0898     17.6268      0.0492      3.2274     40.5975  -0.0774614
     -0.0865     17.5403      0.0033      3.2274     40.7783  -0.0498434
     -0.1391     17.4012     -0.0526      3.2274      40.992  -0.0129931
     -0.2307     17.1705     -0.0916      3.2274     41.1346    0.016137
     -0.3519     16.8186     -0.1212      3.2274     41.2202   0.0416187
     -0.4855     16.3331     -0.1336      3.2274     41.2532   0.0578632
     -0.5111      15.822     -0.0256      3.2274     41.2383  -0.0039955
     -0.4906     15.3314      0.0205      3.2274     41.1887  -0.0313112
     -0.4562     14.8752      0.0344      3.2274     41.2082  -0.0401746
     -0.4047     14.4705      0.0515      3.2274     41.2838   -0.052053
     -0.3506     14.1199      0.0541      3.2274     41.3803  -0.0555367
     -0.2212     13.8987      0.1294      3.2274     41.5174    -0.10717
     -0.1271     13.7716      0.0941      3.2274     41.6027  -0.0907843
      0.0058     13.7774      0.1329      3.2274     41.8314   -0.121391
      0.0756      13.853      0.0698      3.2274     42.0291   -0.087597
      0.0939     13.9469      0.0183      3.2274     42.2527  -0.0579852
      0.0552     14.0021     -0.0387      3.2274     42.3386  -0.0218223
     -0.0158     13.9863      -0.071      3.2274     42.4152   0.0015101
      -0.158     13.8283     -0.1422      3.2274     42.5858   0.0525251
     -0.2459     13.5824     -0.0879      3.2274     42.7424   0.0255173
      -0.317     13.2654     -0.0711      3.2274     42.7365   0.0202988
       -0.36     12.9054      -0.043      3.2274     42.7397   0.0068838
     -0.3805     12.5249     -0.0205      3.2274     42.7494  -0.0043472
     -0.3864     12.1385     -0.0059      3.2274     42.7768  -0.0116235
     -0.3741     11.7644      0.0123      3.2274     42.8205  -0.0220977
     -0.3397     11.4247      0.0344      3.2274     42.8854  -0.0362306
     -0.1411     11.2836      0.1986      3.2274     42.9568    -0.14525
      0.0971     11.3807      0.2382      3.2274     43.0503   -0.182403
      0.3425     11.7232      0.2454      3.2274     43.3119   -0.201247
       0.484     12.2072      0.1415      3.2274     43.4478   -0.148142
      0.4727     12.6799     -0.0113      3.2274      43.291  -0.0572582
      0.3626     13.0425     -0.1101      3.2274      43.209   0.0069895
      0.1515      13.194     -0.2111      3.2274     43.2435   0.0787455
     -0.1156     13.0784     -0.2671      3.2274     43.3802    0.127383
     -0.3996     12.6788      -0.284      3.2274     43.6213    0.154342
     -0.6182     12.0606     -0.2186      3.2274     43.7316    0.128979
     -0.7275     11.3331     -0.1093      3.2274     43.5627   0.0715932
      -0.702     10.6311      0.0255      3.2274     43.3457  -0.0085833
     -0.5881      10.043      0.1139      3.2274     43.2407  -0.0661235
     -0.4095      9.6335      0.1786      3.2274     43.2501   -0.113538
     -0.1971      9.4364      0.2124      3.2274     43.3523   -0.144909
     -0.0186      9.4178      0.1785      3.2274     43.5005    -0.13433
      0.1932       9.611      0.2118      3.2274      43.785   -0.166539
      0.3151      9.9261      0.1219      3.2274     44.0419   -0.120249
      0.3608     10.2869      0.0457      3.2274     44.0092  -0.0781247
      0.3827     10.6696      0.0219      3.2274     43.9482  -0.0661973
      0.3697     11.0393      -0.013      3.2274     43.9526  -0.0456514
      0.2905     11.3298     -0.0792      3.2274     43.9803  -0.0024469
      0.1563     11.4861     -0.1342      3.2274     44.0374   0.0374652
     -0.0154     11.4707     -0.1717      3.2274     44.1565   0.0694549
     -0.2007       11.27     -0.1853      3.2274     44.3398   0.0884085
     -0.3738     10.8962     -0.1731      3.2274     44.5524   0.0917304
     -0.5099     10.3863     -0.1361      3.2274     44.5056   0.0785456
     -0.6025      9.7838     -0.0926      3.2274      44.357   0.0593461
     -0.5522      9.2316      0.0503      3.2274     44.2736  -0.0275038
     -0.3715      8.8601      0.1807      3.2274     44.1983   -0.114568
     -0.0978      8.7623      0.2737      3.2274     44.2479   -0.185128
      0.1512      8.9135       0.249      3.2274     44.4119   -0.184456
      0.3331      9.2466      0.1819      3.2274      44.634     -0.1552
      0.5171      9.7637       0.184      3.2274     44.6968   -0.168132
      0.5483      10.312      0.0312      3.2274     44.6231  -0.0798125
       0.447      10.759     -0.1013      3.2274     44.4271    0.003918
      0.3361     11.0951     -0.1109      3.2274     44.3995   0.0147692
      0.1829      11.278     -0.1532      3.2274     44.5155   0.0480265
       0.014      11.292     -0.1689      3.2274     44.6549    0.066694
     -0.1639     11.1281     -0.1779      3.2274     44.8448   0.0823702
     -0.3261      10.802     -0.1622      3.2274     45.0753   0.0828495
     -0.4504     10.3516     -0.1243      3.2274      45.059   0.0682972
     -0.5201      9.8315     -0.0697      3.2274     44.9631    0.040931
      -0.522      9.3095     -0.0019      3.2274     44.8621   0.0019215
     -0.4444      8.8651      0.0776      3.2274     44.8113  -0.0487133
     -0.2254      8.6397       0.219      3.2274     44.8167   -0.144922
      0.0796      8.7193       0.305      3.2274      44.912   -0.213536
       0.333      9.0523      0.2534      3.2274     45.1144   -0.197512
      0.5261      9.5784      0.1931      3.2274     45.2887   -0.173531
      0.6216        10.2      0.0955      3.2274     45.1543   -0.122088
      0.6049     10.8049     -0.0167      3.2274     44.9849  -0.0556642
      0.4132     11.2181     -0.1917      3.2274     44.8603   0.0586397
      0.2095     11.4276     -0.2037      3.2274     44.8595   0.0764147
     -0.0766      11.351     -0.2861      3.2274     45.0136     0.14182
      -0.243      11.108     -0.1664      3.2274     45.2355    0.079881
     -0.3183     10.7897     -0.0753      3.2274     45.4426   0.0303174
     -0.3187      10.471     -0.0004      3.2274     45.4131  -0.0136445
     -0.2512     10.2198      0.0675      3.2274     45.3747  -0.0573434
     -0.1439     10.0759      0.1073      3.2274     45.4048  -0.0866932
      0.0321      10.108       0.176      3.2274     45.5356   -0.137689
      0.1404     10.2484      0.1083      3.2274     45.6559   -0.103447
      0.2855     10.5339      0.1451      3.2274     45.8452   -0.134364
      0.4038     10.9377      0.1183      3.2274     45.8481   -0.126002
      0.4552     11.3929      0.0514      3.2274     45.7633  -0.0900547
      0.4271       11.82     -0.0281      3.2274     45.6769  -0.0420905
      0.2953     12.1153     -0.1318      3.2274     45.6345   0.0264926
      0.1112     12.2265     -0.1841      3.2274     45.6684   0.0676645
     -0.1496     12.0769     -0.2608      3.2274     45.8263    0.128477
     -0.2412     11.8357     -0.0916      3.2274     45.9966   0.0327189
     -0.2363     11.5994      0.0049      3.2274     46.0364  -0.0247417
     -0.1737     11.4257      0.0626      3.2274     46.0132  -0.0622836
     -0.0737      11.352         0.1      3.2274     46.0479  -0.0900025
      0.0224     11.3744      0.0961      3.2274     46.1257  -0.0930152
      0.1476      11.522      0.1252      3.2274     46.2934   -0.117804
      0.2351     11.7571      0.0875      3.2274     46.4362   -0.100702
      0.2595     12.0166      0.0244      3.2274     46.4152  -0.0649623
      0.2502     12.2668     -0.0093      3.2274     46.3869  -0.0449814
      0.2164     12.4832     -0.0338      3.2274     46.3898  -0.0290716
      0.1612     12.6444     -0.0552      3.2274     46.4171  -0.0136792
      0.1518     12.7962     -0.0094      3.2274     46.4624  -0.0410976
      0.2403     13.0365      0.0885      3.2274     46.5587   -0.105426
      0.3491     13.3856      0.1088      3.2274     46.6261   -0.124637
      0.4192     13.8048      0.0701      3.2274     46.5935    -0.10653
      0.4301     14.2349      0.0109      3.2274     46.5141  -0.0729002
      0.3719     14.6068     -0.0582      3.2274     46.4557  -0.0293549
      0.3098     14.9166     -0.0621      3.2274     46.4477  -0.0245288
      0.2823     15.1989     -0.0275      3.2274     46.5066  -0.0446232
      0.2156     15.4145     -0.0667      3.2274     46.5873  -0.0180815
      0.1153     15.5298     -0.1003      3.2274     46.6468   0.0072491
     -0.0124     15.5174     -0.1277      3.2274     46.7391   0.0307498
     -0.1608     15.3566     -0.1484      3.2274     46.8745   0.0518142
      0.0055     15.3621      0.1663      3.2274     47.0299   -0.146169
      0.1963     15.5584      0.1908      3.2274     46.9854   -0.171952
      0.3817     15.9401      0.1854      3.2274     47.1034   -0.180054
      0.4944     16.4345      0.1127      3.2274     47.0304   -0.144115
      0.5509     16.9854      0.0565      3.2274     46.8328   -0.115156
      0.4896      17.475     -0.0613      3.2274     46.7158   -0.042573
      0.3276     17.8026      -0.162      3.2274     46.6461   0.0257742
      0.0814      17.884     -0.2462      3.2274       46.68    0.089591
     -0.1645     17.7195     -0.2459      3.2274     46.7933    0.103429
      -0.456     17.2635     -0.2915      3.2274     47.0757     0.14819
     -0.4478     16.8157      0.0082      3.2274     47.0948  -0.0307381
     -0.3569     16.4588      0.0909      3.2274     46.8109  -0.0842869
     -0.2359     16.2229       0.121      3.2274     46.7673   -0.108294
      0.0785     16.3014      0.3144      3.2274      46.866   -0.241862
      0.5147     16.8161      0.4362      3.2274     46.9674   -0.340477
      0.9793     17.7954      0.4646      3.2274     47.0875   -0.386008
      1.3388     19.1342      0.3595      3.2274      46.609   -0.346737
        1.42     20.5542      0.0812      3.2274     46.1304   -0.188483
      1.2472     21.8014     -0.1728      3.2274     45.5423  -0.0303202
      1.1321     22.9335     -0.1151      3.2274     45.3726   -0.062006
      1.1029     24.0364     -0.0292      3.2274      45.361   -0.115249
      0.9824     25.0188     -0.1205      3.2274     45.3829  -0.0567884
      0.7263     25.7451     -0.2561      3.2274     45.3297   0.0364782
      0.3688     26.1139     -0.3575      3.2274     45.3532    0.115874
      0.1539     26.2678     -0.2149      3.2274     45.5194   0.0416721
      0.0295     26.2973     -0.1244      3.2274      45.814  -0.0058744
     -0.0731     26.2242     -0.1026      3.2274     46.0763  -0.0130921
      -0.143     26.0812     -0.0699      3.2274     46.2414  -0.0284386
     -0.2023     25.8789     -0.0593      3.2274     46.2942  -0.0309302
     -0.2546     25.6243     -0.0523      3.2274     46.2972  -0.0314899
     -0.3019     25.3224     -0.0473      3.2274     46.2939  -0.0309827
       0.281     25.6034      0.5829      3.2274     46.2881   -0.442005
      0.8466       26.45      0.5656      3.2274     46.2803   -0.465273
      1.3227     27.7727      0.4761      3.2274     46.0334   -0.441727
      1.5588     29.3315      0.2361      3.2274     45.5138   -0.315388
      1.6468     30.9783       0.088      3.2274     44.9624   -0.236309
      1.7121     32.6904      0.0653      3.2274     44.5001   -0.231417
      1.6029     34.2933     -0.1092      3.2274     44.3279   -0.125519
      1.2574     35.5507     -0.3455      3.2274     44.1002   0.0314909
      0.8144     36.3651      -0.443      3.2274     44.0311    0.111913
      0.6641     37.0292     -0.1503      3.2274     44.1877  -0.0574331
      0.4801     37.5093      -0.184      3.2274     44.4944  -0.0285334
      0.2717      37.781     -0.2084      3.2274     44.6481  -0.0032465
      0.0751     37.8561     -0.1966      3.2274     44.7901   0.0002612
     -0.2199     37.6362      -0.295      3.2274     45.0567   0.0761859
     -0.4802      37.156     -0.2603      3.2274      45.308    0.071123
     -0.4732     36.6828       0.007      3.2274     45.2844  -0.0882224
     -0.1353     36.5475      0.3379      3.2274     45.0582   -0.304941
      0.1265      36.674      0.2618      3.2274     45.0266   -0.274059
      0.3867     37.0607      0.2602      3.2274     45.1984   -0.288571
      0.5227     37.5834       0.136      3.2274     45.2717   -0.223099
      0.5072     38.0906     -0.0155      3.2274     45.0763   -0.132868
      0.4975     38.5881     -0.0097      3.2274     44.9461   -0.137307
       0.349     38.9371     -0.1485      3.2274     44.9596  -0.0469063
      0.0626     38.9997     -0.2864      3.2274     44.9849   0.0513979
     -0.2322     38.7675     -0.2948      3.2274     45.1052   0.0733485
     -0.3766     38.3909     -0.1444      3.2274     45.4541  -0.0078197
      -0.519     37.8719     -0.1424      3.2274     45.4238   0.0003693
     -0.6597     37.2122     -0.1407      3.2274     45.3279   0.0090669
      -0.798     36.4142     -0.1383      3.2274     45.2173   0.0176274
     -0.9274     35.4868     -0.1294      3.2274     45.0875   0.0221866
     -1.0412     34.4456     -0.1138      3.2274     44.9388   0.0222092
     -1.1428     33.3028     -0.1016      3.2274     44.7505   0.0239056
     -1.0196     32.2832      0.1232      3.2274     44.5859   -0.114692
     -0.8199     31.4633      0.1997      3.2274     44.4176   -0.169115
     -0.6164     30.8469      0.2035      3.2274     44.4111   -0.180739
     -0.4761     30.3708      0.1403      3.2274     44.4925   -0.149107
     -0.3648      30.006      0.1113      3.2274     44.6722   -0.136734
     -0.3297     29.6763      0.0351      3.2274      44.818  -0.0919554
     -0.2251     29.4512      0.1046      3.2274     44.9528   -0.138733
     -0.2082      29.243      0.0169      3.2274     45.0397   -0.086418
     -0.3298     28.9132     -0.1216      3.2274     45.2143   0.0043594
     -0.4899     28.4233     -0.1601      3.2274     45.2902   0.0377346
     -0.7845     27.6388     -0.2946      3.2274     45.2358    0.136991
     -1.0658      26.573     -0.2813      3.2274     45.1167     0.14768
     -1.2866     25.2864     -0.2208      3.2274     44.8794    0.127384
     -1.5219     23.7645     -0.2353      3.2274     44.4887    0.153591
     -1.5249     22.2396      -0.003      3.2274     44.1827   0.0189507
     -1.3291     20.9105      0.1958      3.2274     43.7779   -0.107111
     -1.0615      19.849      0.2676      3.2274     43.6143   -0.161724
     -0.7522     19.0968      0.3093      3.2274     43.6324   -0.201499
     -0.4548      18.642      0.2974      3.2274     43.7646   -0.209352
     -0.2141     18.4279      0.2407      3.2274     43.9784   -0.187928
     -0.0654     18.3625      0.1487      3.2274     44.2438    -0.14071
     -0.0296     18.3329      0.0358      3.2274     44.5153  -0.0748507
     -0.1101     18.2228     -0.0805      3.2274     44.7458  -0.0003129
     -0.3311     17.8917      -0.221      3.2274     44.9123   0.0971354
     -0.6452     17.2465     -0.3141      3.2274     44.9419    0.172207
     -0.8885      16.358     -0.2433      3.2274     44.8275    0.145774
      -1.183      15.175     -0.2945      3.2274     44.4791     0.19624
     -1.1034     14.0716      0.0796      3.2274     44.2115  -0.0292878
     -0.8738     13.1978      0.2296      3.2274     43.8453   -0.129294
     -0.6143     12.5835      0.2595      3.2274     43.7794   -0.159664
     -0.2192     12.3643      0.3951      3.2274     43.9105   -0.262097
      0.0986     12.4629      0.3178      3.2274     44.1128   -0.233492
      0.3088     12.7717      0.2102      3.2274     44.3708   -0.181419
       0.468     13.2397      0.1592      3.2274     44.5975   -0.160979
      0.4735     13.7132      0.0055      3.2274     44.5379  -0.0704821
       0.363     14.0762     -0.1105      3.2274     44.4204   0.0041064
      0.1425     14.2187     -0.2205      3.2274     44.4248   0.0818064
      -0.205     14.0137     -0.3475      3.2274      44.567    0.177734
     -0.5321     13.4816     -0.3271      3.2274     44.7995    0.185081
     -0.8257     12.6559     -0.2936      3.2274     44.8082    0.183606
      -1.035     11.6209     -0.2093      3.2274     44.5539    0.147642
     -1.1343     10.4866     -0.0993      3.2274      44.198   0.0905067
     -1.0818      9.4048      0.0525      3.2274     43.9418  -0.0002154
     -0.9468       8.458       0.135      3.2274     43.7972     -0.0543
     -0.6544      7.8036      0.2924      3.2274      43.755   -0.162859
     -0.3457      7.4579      0.3087      3.2274     43.8115    -0.18858
     -0.0338      7.4241      0.3119      3.2274     44.0088   -0.207553
      0.2318      7.6559      0.2656      3.2274     44.2907   -0.195077
       0.391      8.0469      0.1592      3.2274     44.5679   -0.141166
      0.4888      8.5357      0.0978      3.2274     44.4833   -0.111171
      0.4275      8.9632     -0.0613      3.2274     44.3825  -0.0136221
      0.2608       9.224     -0.1667      3.2274     44.3177    0.058004
      0.0151      9.2391     -0.2457      3.2274     44.3818    0.118872
     -0.3154      8.9237     -0.3305      3.2274     44.5906    0.188876
     -0.5869      8.3368     -0.2715      3.2274     44.8624    0.170169
      -0.794      7.5428     -0.2071      3.2274     44.6945    0.145302
     -0.8995      6.6433     -0.1055      3.2274     44.4468   0.0928426
     -0.8769      5.7664      0.0226      3.2274     44.1936   0.0173703
     -0.7011      5.0653      0.1758      3.2274     44.0298  -0.0821154
     -0.4978      4.5675      0.2033      3.2274     44.0012   -0.108303
     -0.2083      4.3592      0.2895      3.2274     44.1105   -0.175321
      0.1409      4.5001      0.3492      3.2274     44.3246    -0.23077
      0.4099        4.91       0.269      3.2274     44.5997   -0.198674
      0.7664      5.6764      0.3565      3.2274     44.7258   -0.273081
      0.6999      6.3763     -0.0665      3.2274     44.5667  -0.0177234
      0.6795      7.0558     -0.0204      3.2274     44.1477  -0.0462999
      0.4918      7.5476     -0.1877      3.2274     44.1397   0.0629282
      0.2933      7.8409     -0.1985      3.2274     44.1604   0.0794458
     -0.0293      7.8116     -0.3226      3.2274     44.3394    0.171737
     -0.3485      7.4631     -0.3192      3.2274     44.5897    0.188298
     -0.5703      6.8928     -0.2218      3.2274     44.8612    0.143768
     -0.7003      6.1925       -0.13      3.2274     44.6508    0.097939
     -0.7411      5.4514     -0.0408      3.2274      44.455   0.0488863
     -0.6261      4.8253       0.115      3.2274     44.3259  -0.0490404
     -0.4223       4.403      0.2038      3.2274     44.2573   -0.112262
      0.0098      4.4128      0.4321      3.2274      44.359   -0.273037
      0.5085      4.9213      0.4987      3.2274      44.541   -0.341951
      1.0215      5.9428       0.513      3.2274     44.9324   -0.381811
       1.279      7.2218      0.2575      3.2274     44.6526    -0.24651
       1.408      8.6298       0.129      3.2274     43.9649   -0.180729
      1.2916      9.9214     -0.1164      3.2274     43.6155  -0.0309622
      0.9333     10.8547     -0.3583      3.2274     43.3514    0.131084
      0.7046     11.5593     -0.2287      3.2274     43.3276   0.0637891
      0.3985     11.9578     -0.3061      3.2274     43.5565    0.125869
      0.1349     12.0927     -0.2636      3.2274     43.7627    0.114462
      -0.099     11.9937     -0.2339      3.2274      44.042    0.109804
     -0.2734     11.7203     -0.1744      3.2274     44.3487   0.0845161
     -0.3612     11.3591     -0.0878      3.2274     44.4761   0.0384687
     -0.3916     10.9675     -0.0304      3.2274     44.4183   0.0068755
     -0.3024     10.6651      0.0892      3.2274     44.3847  -0.0688833
      0.2418     10.9069      0.5442      3.2274     44.3996    -0.37254
      0.6144     11.5213      0.3726      3.2274     44.4863   -0.291916
      0.9491     12.4704      0.3347      3.2274      44.409   -0.290432
       1.759     14.2294      0.8099      3.2274     44.0404   -0.625373
       2.361     16.5904       0.602      3.2274     43.6684   -0.540826
      2.7212     19.3116      0.3602      3.2274     41.2984   -0.423721
      2.7867     22.0983      0.0655      3.2274     39.1922   -0.258863
      2.7014     24.7997     -0.0853      3.2274     37.6596   -0.171796
      2.5702     27.3699     -0.1312      3.2274     35.9779   -0.144751
       2.598     29.9679      0.0278      3.2274     35.7853   -0.249474
      2.5248     32.4927     -0.0732      3.2274      35.713   -0.192422
      2.3286     34.8213     -0.1962      3.2274     35.4759   -0.114817
       2.287     37.1083     -0.0416      3.2274     35.3159    -0.21215
      2.6021     39.7104      0.3151      3.2274     35.3218   -0.451307
      2.7542     42.4646      0.1521      3.2274     35.2269   -0.370135
      2.8041     45.2687      0.0499      3.2274       33.35   -0.319972
      2.6937     47.9624     -0.1104      3.2274     32.8055   -0.225801
        2.41     50.3724     -0.2837      3.2274     32.5046   -0.113447
      2.3575     52.7299     -0.0525      3.2274     32.4155   -0.256352
      2.3086     55.0385     -0.0489      3.2274     32.5186   -0.262748
      2.1338     57.1723     -0.1748      3.2274      32.414   -0.183996
      1.8658     59.0381      -0.268      3.2274     32.3213   -0.118933
      1.5295     60.5676     -0.3363      3.2274     32.3771  -0.0640453
      1.4039     61.9715     -0.1256      3.2274     32.5588   -0.187769
      1.2757     63.2472     -0.1282      3.2274     32.8497   -0.182985
      1.0468      64.294     -0.2289      3.2274      33.004   -0.113116
      0.7703     65.0643     -0.2765      3.2274     33.1461  -0.0716594
      0.4895     65.5538     -0.2808      3.2274     33.3628  -0.0551039
      0.0578     65.6116     -0.4317      3.2274     33.7725   0.0590062
     -0.0231     65.5885     -0.0809      3.2274     34.1694   -0.146955
     -0.0745      65.514     -0.0514      3.2274     34.7257   -0.161604
     -0.1498     65.3642     -0.0753      3.2274     34.9924   -0.142674
     -0.2787     65.0855     -0.1289      3.2274     35.1499   -0.102588
     -0.5044     64.5811     -0.2257      3.2274     35.2988  -0.0305813
     -0.7766     63.8045     -0.2722      3.2274     35.3796   0.0146195
     -0.9646     62.8399      -0.188      3.2274     35.3459  -0.0226667
     -1.2455     61.5944     -0.2809      3.2274     35.1838   0.0522593
     -1.4939     60.1005     -0.2484      3.2274     35.0766    0.050903
     -1.7366     58.3639     -0.2427      3.2274      34.863   0.0660413
     -1.9937     56.3702     -0.2571      3.2274     34.5893   0.0948029
     -2.0605     54.3097     -0.0668      3.2274     34.3715  -0.0095216
      -1.985     52.3247      0.0755      3.2274     34.0583  -0.0930991
     -1.8581     50.4666      0.1269      3.2274      33.856   -0.125344
      -1.765     48.7016      0.0931      3.2274     33.8136    -0.10489
     -1.6611     47.0405      0.1039      3.2274     33.8478   -0.112101
     -1.6062     45.4343      0.0549      3.2274     33.8814  -0.0809019
     -1.5876     43.8467      0.0186      3.2274     33.9346  -0.0553821
     -1.6053     42.2414     -0.0177      3.2274     33.9647  -0.0278127
     -1.6528     40.5886     -0.0475      3.2274     33.9653  -0.0023618
     -1.7341     38.8545     -0.0813      3.2274     33.9254    0.027592
     -1.8013     37.0532     -0.0672      3.2274     33.8695   0.0282319
       -1.88     35.1732     -0.0787      3.2274     33.7595   0.0451004
     -1.9485     33.2247     -0.0685      3.2274     33.6478   0.0485934
     -2.0063     31.2184     -0.0578      3.2274     33.4957   0.0513713
     -2.0282     29.1902     -0.0219      3.2274     33.3855   0.0371204
     -2.0297     27.1605     -0.0015      3.2274     33.2552    0.031052
      -2.004     25.1565      0.0257      3.2274     33.1523   0.0193305
     -1.9421     23.2144      0.0619      3.2274     33.0568    3.23e-05
     -1.8922     21.3222      0.0499      3.2274     33.0196   0.0101644
     -1.7731     19.5491      0.1191      3.2274     33.0044  -0.0325868
     -1.6526     17.8965      0.1205      3.2274     32.9939  -0.0350965
     -1.5237     16.3728      0.1289      3.2274     33.0513  -0.0426549
     -1.4154     14.9574      0.1083      3.2274     33.1218  -0.0320052
     -1.2481     13.7093      0.1673      3.2274     33.2689  -0.0728624
     -1.1494     12.5599      0.0987      3.2274     33.3619  -0.0336827
     -1.0434     11.5165       0.106      3.2274     33.5362  -0.0407625
     -0.9512     10.5653      0.0922      3.2274     33.6837  -0.0346999
       -0.87      9.6953      0.0812      3.2274     33.8436  -0.0299559
     -0.7996      8.8957      0.0704      3.2274      34.007  -0.0249491
     -0.7383      8.1574      0.0613      3.2274     34.1717  -0.0206457
     -0.6841      7.4733      0.0542      3.2274     34.3364  -0.0173144
     -0.6353       6.838      0.0488      3.2274     34.5007  -0.0148525
      -0.598        6.24      0.0373      3.2274     34.6656    -0.00821
     -0.6898      5.5502     -0.0918      3.2274     34.8037   0.0763684
     -0.9618      4.5884      -0.272      3.2274     34.9911    0.202334
      -1.179      3.4094     -0.2172      3.2274     35.0275    0.184937
     -1.3395      2.0699     -0.1605      3.2274     34.8309    0.163763
     -1.4182      0.6517     -0.0787      3.2274     34.6542    0.123266
       -1.58     -0.9283     -0.1618      3.2274     34.5594    0.186765
     -1.9728     -2.9011     -0.3928      3.2274     34.4713    0.352887
     -2.1826     -5.0837     -0.2098      3.2274     34.3295    0.261174
     -2.3426     -7.4263       -0.16      3.2274     33.5883    0.247122
     -2.3346     -9.7609       0.008      3.2274     33.2475    0.152886
     -2.1976    -11.9585       0.137      3.2274      32.969   0.0745435
     -1.9459    -13.9044      0.2517      3.2274     32.8227  -0.0022823
     -2.0888    -15.9932     -0.1429      3.2274     32.8253    0.248604
     -2.2971    -18.2903     -0.2083      3.2274     32.9645    0.306191
     -2.4335    -20.7238     -0.1364      3.2274     32.7177    0.277854
     -2.4501    -23.1739     -0.0166      3.2274     32.3559    0.214237
     -2.4796    -25.6535     -0.0295      3.2274     32.1166    0.231039
     -2.8131    -28.4666     -0.3335      3.2274     31.9545     0.44022
     -3.1448    -31.6114     -0.3317      3.2274     31.7216    0.466818
     -3.2251    -34.8365     -0.0803      3.2274     29.3394     0.33007
      -3.207    -38.0435      0.0181      3.2274     27.7331    0.279656
     -3.1313    -41.1748      0.0757      3.2274     26.5823    0.250326
     -3.0712     -44.246      0.0601      3.2274     26.3378    0.265594
     -3.1072    -47.3532      -0.036      3.2274     26.2233    0.334556
     -3.1789    -50.5321     -0.0717      3.2274      26.112    0.369456
     -3.1537    -53.6858      0.0252      3.2274     25.9001    0.319391
     -2.9905    -56.6763      0.1632      3.2274     25.6023    0.236586
     -2.8359    -59.5122      0.1546      3.2274     25.5045    0.241751
     -2.4808     -61.993      0.3551      3.2274     25.5118    0.109363
     -2.0967    -64.0897      0.3841      3.2274     25.5404   0.0771276
     -1.7504    -65.8401      0.3463      3.2274     25.7855   0.0860123
     -1.4119     -67.252      0.3385      3.2274     26.1206   0.0763105
     -1.0747    -68.3267      0.3372      3.2274     26.4771   0.0617686
     -0.7001    -69.0268      0.3746      3.2274     26.8697   0.0208259
     -0.2909    -69.3177      0.4092      3.2274     27.3102  -0.0215674
      0.2222    -69.0955      0.5131      3.2274     27.9171   -0.112794
      0.6651    -68.4304      0.4429      3.2274     28.5239  -0.0970293
      0.9543    -67.4761      0.2892      3.2274     28.8652  -0.0235782
      1.2172    -66.2589      0.2629      3.2274     28.7235  -0.0259093
      1.4248    -64.8341      0.2076      3.2274     28.6228  -0.0084217
      1.6671     -63.167      0.2423      3.2274     28.4978  -0.0475695
      1.9051    -61.2619       0.238      3.2274     28.3855  -0.0637948
      2.1247    -59.1372      0.2196      3.2274     28.2152  -0.0712069
      2.2818    -56.8554      0.1571      3.2274     27.9738  -0.0491928
      2.3969    -54.4585      0.1151      3.2274     27.7484   -0.037514
      2.4967    -51.9618      0.0998      3.2274     27.5514  -0.0413131
      2.5849    -49.3769      0.0882      3.2274      27.376  -0.0469588
      2.6746    -46.7023      0.0897      3.2274     27.1735  -0.0608161
      2.7299    -43.9724      0.0553      3.2274     27.0278  -0.0514073
      2.7924      -41.18      0.0625      3.2274     26.8094   -0.067542
      2.8265    -38.3535      0.0341      3.2274     26.6704   -0.060857
      2.8548    -35.4987      0.0283      3.2274      26.494  -0.0674979
      2.8659    -32.6328      0.0111      3.2274     26.3884  -0.0663861
      2.8706    -29.7622      0.0047      3.2274     26.2351  -0.0714164
      2.8599    -26.9023     -0.0107      3.2274     26.0965  -0.0701676
      2.8261    -24.0762     -0.0338      3.2274     25.9659  -0.0629269
      2.7742     -21.302     -0.0519      3.2274     25.8521   -0.057535
      2.7081    -18.5939     -0.0661      3.2274      25.765  -0.0535038
      2.6294    -15.9645     -0.0787      3.2274     25.7036  -0.0495035
      2.5396    -13.4249     -0.0898      3.2274     25.6663  -0.0455233
        2.44    -10.9849     -0.0996      3.2274     25.6531  -0.0414853
      2.3687     -8.6162     -0.0713      3.2274       25.66  -0.0616499
      2.2552      -6.361     -0.1135      3.2274     25.6946   -0.036853
      2.1326     -4.2284     -0.1226      3.2274      25.718  -0.0310478
      2.0243     -2.2041     -0.1083      3.2274     25.7761  -0.0397442
      1.8671      -0.337     -0.1572      3.2274     25.8943  -0.0073595
       1.727        1.39     -0.1401      3.2274     26.0008   -0.015095
       1.627       3.017        -0.1      3.2274      26.167   -0.038536
       1.561       4.578      -0.066      3.2274     26.3444   -0.059989
      1.5063      6.0843     -0.0547      3.2274     26.4774  -0.0682794
      1.4187       7.503     -0.0876      3.2274     26.6372  -0.0479775
      1.3299      8.8329     -0.0888      3.2274       26.77  -0.0463632
      1.2291      10.062     -0.1008      3.2274     26.9407  -0.0373065
      1.1371     11.1991      -0.092      3.2274     27.0956  -0.0409378
      0.9978     12.1969     -0.1393      3.2274     27.3402  -0.0078897
      0.8695     13.0664     -0.1283      3.2274     27.5548  -0.0100417
      0.7376      13.804     -0.1319      3.2274     27.8234    -0.00284
      0.6056     14.4096      -0.132      3.2274     28.1042   0.0026632
      0.5179     14.9275     -0.0877      3.2274     28.3041   -0.020647
       0.368     15.2955     -0.1499      3.2274     28.6764   0.0238135
      0.2408     15.5363     -0.1272      3.2274     28.9717   0.0164671
      0.1188     15.6551      -0.122      3.2274     29.3284   0.0197007
     -0.0115     15.6436     -0.1303      3.2274     29.7509   0.0318817
     -0.0958     15.5478     -0.0843      3.2274     30.0598   0.0092056
     -0.1837     15.3641     -0.0879      3.2274     30.4316   0.0167512
     -0.1803     15.1838      0.0034      3.2274      30.642  -0.0376749
      0.0197     15.2035         0.2      3.2274     30.8132   -0.166694
      0.2634     15.4669      0.2437      3.2274     31.0896   -0.207108
      0.4221      15.889      0.1587      3.2274     31.3811   -0.166102
      0.5839     16.4729      0.1618      3.2274     31.4112   -0.178613
       0.659     17.1319      0.0751      3.2274     31.4613   -0.132701
      0.6733     17.8052      0.0143      3.2274     31.4896  -0.0990271
      0.7223     18.5275       0.049      3.2274     31.5775   -0.124709
       0.922     19.4495      0.1997      3.2274     31.6929   -0.228878
      1.1313     20.5808      0.2093      3.2274     31.8002   -0.249544
      1.3042      21.885      0.1729      3.2274     31.7012   -0.241126
      1.3329     23.2179      0.0287      3.2274     31.5835   -0.160183
      1.2866     24.5045     -0.0463      3.2274      31.494   -0.116496
      1.1581     25.6626     -0.1285      3.2274     31.5113  -0.0635833
      0.9283     26.5909     -0.2298      3.2274     31.6234   0.0070508
      0.6799     27.2708     -0.2484      3.2274     31.8043   0.0298331
      0.4358     27.7066     -0.2441      3.2274     32.0974   0.0393712
      0.6436     28.3502      0.2078      3.2274     32.3908   -0.245129
      1.3271     29.6773      0.6835      3.2274     32.8444   -0.572122
      1.7978     31.4751      0.4707      3.2274      32.787   -0.475724
      2.1791     33.6542      0.3813      3.2274     31.0655   -0.449593
      2.3952     36.0494      0.2161      3.2274     29.5396   -0.369544
      2.5649     38.6143      0.1697      3.2274     27.7234   -0.358732
      2.6207      41.235      0.0558      3.2274     26.3836   -0.301323
      2.6445     43.8795      0.0238      3.2274     26.2765   -0.291366
      2.5807     46.4602     -0.0638      3.2274     26.1352   -0.243039
      2.4251     48.8853     -0.1556      3.2274       26.03   -0.186676
      2.1478     51.0331     -0.2773      3.2274     26.0037   -0.104848
      1.8465     52.8796     -0.3013      3.2274     26.0843  -0.0794163
      1.5004       54.38     -0.3461      3.2274     26.3066   -0.038002
        1.12        55.5     -0.3804      3.2274     26.5972     0.00014
       0.954      56.454      -0.166      3.2274     26.9743   -0.122232
      1.1869     57.6409      0.2329      3.2274      27.435   -0.377942
      1.5298     59.1707      0.3429      3.2274     27.7451   -0.467391
      1.8008     60.9715       0.271      3.2274     27.5652   -0.444558
      1.9355      62.907      0.1347      3.2274     27.2908   -0.375993
      1.9736     64.8806      0.0381      3.2274     26.9964    -0.32605
      1.9005     66.7811     -0.0731      3.2274        26.9   -0.261011
      1.6772     68.4583     -0.2233      3.2274     26.8721   -0.163641
       1.442     69.9003     -0.2352      3.2274     26.9393   -0.147891
      1.0342     70.9345     -0.4078      3.2274      27.224  -0.0250045
      0.6234     71.5579     -0.4108      3.2274     27.5175  -0.0024807
      0.1763     71.7342     -0.4471      3.2274     27.9944   0.0433609
     -0.2906     71.4436     -0.4669      3.2274     28.5492   0.0817922
      -0.844     70.5996     -0.5534      3.2274     29.2994    0.166661
     -1.1128     69.4868     -0.2688      3.2274     29.4729   0.0140236
     -1.1883     68.2985     -0.0755      3.2274     29.1723   -0.094239
     -1.2302     67.0683     -0.0419      3.2274     29.0278   -0.108404
      -1.272     65.7963     -0.0418      3.2274     29.0312   -0.102349
     -1.3201     64.4762     -0.0481      3.2274     29.0723  -0.0919631
     -1.3981     63.0781      -0.078      3.2274     29.1243  -0.0655388
     -1.4999     61.5782     -0.1018      3.2274     29.1656  -0.0411601
     -1.6228     59.9554     -0.1229      3.2274     29.1722  -0.0168722
     -1.5869     58.3685      0.0359      3.2274     29.1489   -0.109366
      -1.415     56.9535      0.1719      3.2274     29.0935   -0.196175
     -1.2264     55.7271      0.1886      3.2274     29.1414   -0.212889
     -1.0804     54.6467       0.146      3.2274     29.3146   -0.192118
     -1.0038     53.6429      0.0766      3.2274     29.5093    -0.15168
     -0.9691     52.6738      0.0347      3.2274     29.7484   -0.125541
     -0.9924     51.6814     -0.0233      3.2274     29.9469  -0.0864822
      -1.084     50.5974     -0.0916      3.2274     30.1375  -0.0372122
     -1.2083     49.3891     -0.1243      3.2274     30.2485  -0.0071308
     -1.3602     48.0289     -0.1519      3.2274     30.2853   0.0218643
     -1.5259      46.503     -0.1657      3.2274     30.2689   0.0438355
     -1.6928     44.8102     -0.1669      3.2274     30.2027   0.0588134
     -1.6364     43.1738      0.0564      3.2274     30.0971  -0.0733594
     -1.3892     41.7846      0.2472      3.2274     29.9641   -0.197268
     -1.1395     40.6451      0.2497      3.2274     30.0015   -0.209083
     -0.9231      39.722      0.2164      3.2274     30.2105   -0.198235
     -0.7847     38.9373      0.1384      3.2274     30.4485   -0.156693
     -0.6638     38.2735      0.1209      3.2274     30.8082   -0.150851
      -0.629     37.6445      0.0348      3.2274     31.0382  -0.0992185
     -0.6488     36.9957     -0.0198      3.2274     31.3513  -0.0634231
     -0.7223     36.2734     -0.0735      3.2274     31.5588  -0.0249937
     -0.8136     35.4598     -0.0913      3.2274     31.6862  -0.0068514
      -0.946     34.5138     -0.1324      3.2274     31.7762   0.0279286
     -1.0918      33.422     -0.1458      3.2274     31.8309    0.047263
     -1.2124     32.2096     -0.1206      3.2274     31.8279   0.0424132
     -1.0562     31.1534      0.1562      3.2274     31.7953   -0.129089
     -0.7682     30.3852       0.288      3.2274     31.7492   -0.221705
     -0.5265     29.8587      0.2417      3.2274     31.9183   -0.205639
     -0.3041     29.5546      0.2224      3.2274     32.2986   -0.205378
     -0.1999     29.3547      0.1042      3.2274     32.6037    -0.13959
     -0.1402     29.2145      0.0597      3.2274     33.0505   -0.115752
     -0.1669     29.0476     -0.0267      3.2274     33.3685  -0.0619433
     -0.2558     28.7918     -0.0889      3.2274     33.6456  -0.0189664
     -0.3938      28.398      -0.138      3.2274     33.8463    0.019265
     -0.5041     27.8939     -0.1103      3.2274     33.9332   0.0102238
     -0.6741     27.2198       -0.17      3.2274     33.9894   0.0574161
      -0.652     26.5678      0.0221      3.2274     34.0447  -0.0571034
     -0.5668      26.001      0.0852      3.2274      34.027   -0.097949
     -0.4778     25.5232       0.089      3.2274     34.1465   -0.103691
     -0.3957     25.1275      0.0821      3.2274     34.3781   -0.102879
      -0.356     24.7715      0.0397      3.2274     34.6005  -0.0785545
     -0.3471     24.4244      0.0089      3.2274     34.7923  -0.0595227
     -0.1911     24.2333       0.156      3.2274     34.9976   -0.155789
      0.0234     24.2567      0.2145      3.2274     35.2322   -0.202757
      0.1222     24.3789      0.0988      3.2274     35.4647   -0.139138
      0.1781      24.557      0.0559      3.2274     35.7891   -0.117006
      0.1645     24.7215     -0.0136      3.2274     35.9452   -0.075052
      0.1939     24.9154      0.0294      3.2274      36.074   -0.103051
      0.1726      25.088     -0.0213      3.2274     36.2605   -0.071977
      0.1002     25.1882     -0.0724      3.2274      36.413  -0.0376356
      0.0032     25.1914      -0.097      3.2274      36.569  -0.0175502
     -0.0818     25.1096      -0.085      3.2274     36.8515  -0.0198298
     -0.0807     25.0289      0.0011      3.2274     37.1279  -0.0713082
     -0.0945     24.9344     -0.0138      3.2274     37.2646  -0.0613257
     -0.1275     24.8069      -0.033      3.2274     37.4316  -0.0476082
     -0.1852     24.6217     -0.0577      3.2274     37.5962  -0.0290591
     -0.2658     24.3559     -0.0806      3.2274      37.739  -0.0100887
     -0.3646     23.9913     -0.0988      3.2274     37.8509   0.0073591
     -0.4639     23.5274     -0.0993      3.2274     37.9407   0.0145123
     -0.4404      23.087      0.0235      3.2274     37.9716   -0.059139
     -0.3931     22.6939      0.0473      3.2274     38.0005  -0.0748412
     -0.3537     22.3402      0.0394      3.2274     38.1143  -0.0712071
     -0.3302       22.01      0.0235      3.2274      38.267   -0.061969
     -0.2772     21.7328       0.053      3.2274     38.3976  -0.0817524
     -0.1376     21.5952      0.1396      3.2274      38.545   -0.140978
     -0.0262      21.569      0.1114      3.2274     38.7162   -0.130106
      0.0456     21.6146      0.0718      3.2274     39.0054   -0.110432
      0.0419     21.6565     -0.0037      3.2274     39.2643   -0.065054
     -0.0244     21.6321     -0.0663      3.2274      39.424  -0.0237743
     -0.1458     21.4863     -0.1214      3.2274     39.5849   0.0164001
     -0.3358     21.1505       -0.19      3.2274     39.7874   0.0690175
      -0.421     20.7295     -0.0852      3.2274     39.8391   0.0120865
     -0.4722     20.2573     -0.0512      3.2274     39.7855  -0.0040809
     -0.5023      19.755     -0.0301      3.2274     39.7904  -0.0135785
     -0.5275     19.2275     -0.0252      3.2274     39.8289    -0.01355
     -0.5409     18.6866     -0.0134      3.2274     39.8816  -0.0182703
     -0.3727     18.3139      0.1682      3.2274      39.954   -0.135363
     -0.2663     18.0476      0.1064      3.2274     40.0042   -0.103336
     -0.1572     17.8904      0.1091      3.2274     40.2004   -0.110485
     -0.0872     17.8032        0.07      3.2274     40.4079  -0.0906136
     -0.0634     17.7398      0.0238      3.2274     40.6241  -0.0640124
     -0.0902     17.6496     -0.0268      3.2274     40.8247  -0.0319078
      -0.164     17.4856     -0.0738      3.2274     40.9903   0.0008432
     -0.2748     17.2108     -0.1108      3.2274     41.1073   0.0299616
     -0.4312     16.7796     -0.1564      3.2274     41.1784   0.0672172
     -0.5113     16.2683     -0.0801      3.2274     41.1872   0.0273766
     -0.5027     15.7656      0.0086      3.2274     41.1182  -0.0248083
     -0.4741     15.2915      0.0286      3.2274     41.1044   -0.036959
     -0.4148     14.8767      0.0593      3.2274     41.1755  -0.0573961
     -0.3569     14.5198      0.0579      3.2274     41.2648  -0.0586699
     -0.2688      14.251      0.0881      3.2274     41.3857   -0.080829
     -0.1232     14.1278      0.1456      3.2274     41.5183   -0.122967
     -0.0182     14.1096       0.105      3.2274     41.6541   -0.104328
      0.0814      14.191      0.0996      3.2274     41.9165    -0.10681
      0.1099     14.3009      0.0285      3.2274     42.1396  -0.0660472
      0.0808     14.3817     -0.0291      3.2274     42.2257  -0.0301291
     -0.0036     14.3781     -0.0844      3.2274     42.3114   0.0077037
     -0.1306     14.2475      -0.127      3.2274     42.4459   0.0406405
     -0.2431     14.0044     -0.1125      3.2274     42.6307   0.0388573
     -0.3152     13.6892     -0.0721      3.2274     42.6533   0.0195284
     -0.3744     13.3148     -0.0592      3.2274     42.6412   0.0161676
      -0.419     12.8958     -0.0446      3.2274     42.6526   0.0111176
     -0.4341     12.4617     -0.0151      3.2274     42.6671  -0.0044496
     -0.4265     12.0352      0.0076      3.2274     42.6865  -0.0172081
      -0.399     11.6362      0.0275      3.2274     42.7263  -0.0294636
     -0.2431     11.3931      0.1559      3.2274     42.7867   -0.114349
      -0.038     11.3551      0.2051      3.2274     42.8536   -0.155035
      0.1951     11.5502      0.2331      3.2274     43.0381   -0.185241
      0.4084     11.9586      0.2133      3.2274     43.3455   -0.186318
      0.4836     12.4422      0.0752      3.2274     43.3522   -0.109045
      0.4606     12.9028      -0.023      3.2274     43.2147  -0.0502414
      0.3089     13.2117     -0.1517      3.2274     43.1713   0.0343954
      0.1368     13.3485     -0.1721      3.2274     43.2138   0.0556905
     -0.1082     13.2403      -0.245      3.2274     43.3854     0.11323
     -0.3638     12.8765     -0.2556      3.2274     43.6153     0.13474
     -0.5913     12.2852     -0.2275      3.2274     43.7565    0.132166
     -0.6194     11.6658     -0.0281      3.2274     43.6192   0.0159296
     -0.5637     11.1021      0.0557      3.2274     43.4315  -0.0357228
     -0.4062     10.6959      0.1575      3.2274     43.3975   -0.104247
     -0.2211     10.4748      0.1851      3.2274     43.4574   -0.130324
      -0.024     10.4508      0.1971      3.2274     43.6141   -0.148292
      0.1513     10.6021      0.1753      3.2274     43.8317   -0.145308
      0.2775     10.8796      0.1262      3.2274     44.0905   -0.123621
      0.3361     11.2157      0.0586      3.2274     44.0998  -0.0872926
       0.333     11.5487     -0.0031      3.2274     44.0542  -0.0511011
      0.3361     11.8848      0.0031      3.2274      44.051  -0.0559999
      0.2634     12.1482     -0.0727      3.2274     44.1114  -0.0073116
        0.12     12.2682     -0.1434      3.2274     44.1722   0.0426354
     -0.0152      12.253     -0.1352      3.2274     44.2661    0.045197
     -0.1892     12.0638      -0.174      3.2274      44.458   0.0786146
     -0.3811     11.6827     -0.1919      3.2274     44.6809    0.101052
     -0.5138     11.1689     -0.1327      3.2274     44.6382   0.0743723
     -0.5933     10.5756     -0.0795      3.2274     44.5092   0.0486047
     -0.5951      9.9805     -0.0018      3.2274     44.4231    0.003869
     -0.4826      9.4979      0.1125      3.2274     44.3679  -0.0694507
     -0.2142      9.2837      0.2684      3.2274      44.369    -0.17711
     -0.0199      9.2638      0.1943      3.2274      44.449   -0.143277
      0.2243      9.4881      0.2442      3.2274     44.7302   -0.187321
      0.3513      9.8394       0.127      3.2274     44.9492    -0.12504
      0.4282     10.2676      0.0769      3.2274     44.8763   -0.100494
      0.4119     10.6795     -0.0163      3.2274     44.7992   -0.044913
      0.3099     10.9894      -0.102      3.2274     44.7588   0.0111873
      0.1866      11.176     -0.1233      3.2274     44.8111    0.030189
      0.0899     11.2659     -0.0967      3.2274     44.9094   0.0192778
     -0.0427     11.2232     -0.1326      3.2274      45.075   0.0482389
      -0.178     11.0452     -0.1353      3.2274     45.2409   0.0578344
     -0.3006     10.7446     -0.1226      3.2274     45.3716   0.0578592
     -0.3931     10.3515     -0.0925      3.2274     45.3449    0.046066
     -0.4435       9.908     -0.0504      3.2274     45.2816   0.0249085
     -0.4418      9.4662      0.0017      3.2274     45.2204  -0.0051196
     -0.3086      9.1576      0.1332      3.2274     45.1921  -0.0904198
     -0.0967      9.0609      0.2119      3.2274     45.2104   -0.149004
      0.1284      9.1893      0.2251      3.2274     45.3385    -0.16969
      0.3278      9.5171      0.1994      3.2274     45.5609    -0.16622
      0.4805      9.9976      0.1527      3.2274      45.624    -0.14804
      0.5168     10.5144      0.0363      3.2274     45.5301  -0.0817472
        0.47     10.9844     -0.0468      3.2274     45.4018  -0.0307232
      0.3007     11.2851     -0.1693      3.2274     45.3622   0.0511862
      0.0795     11.3646     -0.2212      3.2274     45.4079   0.0942537
     -0.1496      11.215     -0.2291      3.2274     45.5973    0.112043
     -0.1987     11.0163     -0.0491      3.2274     45.7954   0.0073396
     -0.2168     10.7995     -0.0181      3.2274     45.8272  -0.0096145
     -0.1792     10.6203      0.0376      3.2274     45.8375  -0.0445649
     -0.1212     10.4991       0.058      3.2274     45.8636  -0.0596313
     -0.0176     10.4815      0.1036      3.2274     45.9571  -0.0926365
      0.0744     10.5559       0.092      3.2274     46.0662  -0.0909597
      0.1622     10.7181      0.0878      3.2274     46.2488  -0.0937553
      0.2646     10.9827      0.1024      3.2274     46.2912   -0.108941
       0.336     11.3187      0.0714      3.2274     46.2738  -0.0952761
      0.3502     11.6689      0.0142      3.2274     46.2232  -0.0627877
      0.2856     11.9545     -0.0646      3.2274      46.178  -0.0128115
      0.1639     12.1184     -0.1217      3.2274     46.1843   0.0276503
     -0.0033     12.1151     -0.1672      3.2274     46.2634   0.0641562
      -0.197     11.9181     -0.1937      3.2274     46.4088   0.0913007
     -0.1757     11.7424      0.0213      3.2274     46.6091  -0.0383437
     -0.1009     11.6415      0.0748      3.2274     46.4911   -0.074255
     -0.0183     11.6232      0.0826      3.2274      46.511  -0.0834231
      0.1055     11.7287      0.1238      3.2274     46.6403   -0.115269
      0.1975     11.9262       0.092      3.2274     46.7772   -0.101841
      0.2545     12.1807       0.057      3.2274     46.7782  -0.0847396
        0.26     12.4407      0.0055      3.2274     46.7408  -0.0549221
       0.209     12.6497      -0.051      3.2274     46.7211  -0.0188441
      0.0829     12.7326     -0.1261      3.2274     46.7483   0.0329027
      0.1346     12.8672      0.0517      3.2274     46.7961  -0.0770246
       0.131     12.9982     -0.0036      3.2274     47.0028  -0.0440396
      0.2103     13.2085      0.0793      3.2274     47.0286   -0.098772
      0.2831     13.4916      0.0728      3.2274      47.073  -0.0997253
      0.3221     13.8137       0.039      3.2274     47.0475  -0.0825566
      0.3113      14.125     -0.0108      3.2274     47.0054  -0.0530165
      0.3343     14.4593       0.023      3.2274      46.986  -0.0755644
      0.3668     14.8261      0.0325      3.2274     47.0051  -0.0841523
      0.3591     15.1852     -0.0077      3.2274     47.0073  -0.0606861
      0.2802     15.4654     -0.0789      3.2274     46.9884  -0.0144672
      0.1534     15.6188     -0.1268      3.2274     47.0032   0.0207866
     -0.0739     15.5449     -0.2273      3.2274     47.0861   0.0938098
      0.1617     15.7066      0.2356      3.2274     47.2297   -0.197373
      0.2719     15.9785      0.1102      3.2274     47.3263    -0.12901
      0.3824     16.3609      0.1105      3.2274     47.2466   -0.136415
      0.4249     16.7858      0.0425      3.2274     47.1707  -0.0992269
        0.39     17.1758     -0.0349      3.2274     47.0766  -0.0520374
      0.2728     17.4486     -0.1172      3.2274     47.0323   0.0029702
      0.1199     17.5685     -0.1529      3.2274     47.0539     0.03244
     -0.1498     17.4187     -0.2697      3.2274     47.1878    0.117803
     -0.4045     17.0142     -0.2547      3.2274     47.3579    0.124025
     -0.5461     16.4681     -0.1416      3.2274     47.3816   0.0655912
     -0.4379     16.0302      0.1082      3.2274     47.1886  -0.0889261
     -0.2941     15.7361      0.1438      3.2274     47.0574   -0.117313
     -0.0874     15.6487      0.2067      3.2274     47.0933   -0.166159
      0.1484     15.7971      0.2358      3.2274     47.2168   -0.197033
      0.7412     16.5383      0.5928      3.2274     47.4475   -0.446061
      1.1731     17.7114      0.4319      3.2274     47.4499   -0.376795
      1.4338     19.1452      0.2607      3.2274     46.7604   -0.292715
      1.4651     20.6103      0.0313      3.2274      46.266   -0.161191
      1.2776     21.8879     -0.1875      3.2274     45.8527  -0.0234317
      1.0713     22.9592     -0.2063      3.2274     45.6568  -0.0040191
