#    p_error     i_error     d_error   max_error       speed     control
           0           0           0           0           0           0
           0           0           0           0           0           0
      0.7598      0.7598      0.7598      0.7598       0.438   -0.089458
      0.7598      1.5196           0      0.7598       0.438    0.366422
      0.7598      2.2794           0      0.7598        2.19    0.366422
      0.7598      3.0392           0      0.7598       4.818    0.366422
      0.7598       3.799           0      0.7598      4.8712    0.366422
      0.7597      4.5587     -0.0001      0.7598      0.6012    0.366493
      0.7594      5.3181     -0.0003      0.7598      1.7254    0.366646
       0.759      6.0771     -0.0004      0.7598      0.6539     0.36675
      0.7583      6.8354     -0.0007      0.7598      0.7409    0.367007
      0.7576       7.593     -0.0007      0.7598      0.8025    0.367084
      0.7568      8.3498     -0.0008      0.7598      0.9635    0.367232
      0.7556      9.1054     -0.0012      0.7598      1.1397    0.367604
      0.7544      9.8598     -0.0012      0.7598       1.344    0.367736
       0.753     10.6128     -0.0014      0.7598      1.5137     0.36801
      0.7513     11.3641     -0.0017      0.7598      1.7287    0.368377
      0.7489      12.113     -0.0024      0.7598       1.967    0.369061
      0.7459     12.8589      -0.003      0.7598      2.2934    0.369751
      0.7415     13.6004     -0.0044      0.7598      2.7429    0.371075
       0.735     14.3354     -0.0065      0.7598      3.3429     0.37305
      0.7279     15.0633     -0.0071      0.7598       3.843    0.374191
      0.7178     15.7811     -0.0101      0.7598      4.4188    0.377102
      0.7074     16.4885     -0.0104      0.7598      4.9072    0.378426
      0.6973     17.1858     -0.0101      0.7598      5.3134    0.379357
      0.6833     17.8691      -0.014      0.7598      5.7974    0.383237
       0.664     18.5331     -0.0193      0.7598      6.3562     0.38854
      0.6482     19.1813     -0.0158      0.7598       6.755    0.388178
      0.6268     19.8081     -0.0214      0.7598      7.2358    0.393892
       0.603     20.4111     -0.0238      0.7598      7.7889     0.39795
      0.5905     21.0016     -0.0125      0.7598      8.2646    0.392545
      0.5731     21.5747     -0.0174      0.7598      8.7405    0.397399
      0.5635     22.1382     -0.0096      0.7598      9.1264    0.393775
      0.5524     22.6906     -0.0111      0.7598      9.5907    0.395896
      0.5348     23.2254     -0.0176      0.7598     10.1195    0.401732
      0.5151     23.7405     -0.0197      0.7598     10.5695    0.405159
      0.4995       24.24     -0.0156      0.7598     10.8718    0.404415
      0.4673     24.7073     -0.0322      0.7598     11.3377    0.417917
       0.434     25.1413     -0.0333      0.7598     11.9631     0.42224
      0.3958     25.5371     -0.0382      0.7598     12.2712    0.429382
      0.3672     25.9043     -0.0286      0.7598     12.7243    0.426768
      0.3364     26.2407     -0.0308      0.7598     13.0695    0.431476
       0.285     26.5257     -0.0514      0.7598     13.2584     0.44949
      0.2163      26.742     -0.0687      0.7598     13.6381    0.467427
      0.1735     26.9155     -0.0428      0.7598     14.1306    0.456595
      0.0939     27.0094     -0.0796      0.7598       14.83    0.487431
      0.0319     27.0413      -0.062      0.7598     15.1365    0.483691
       0.047     27.0883      0.0151      0.7598     15.6671     0.43577
      0.1306     27.2189      0.0836      0.7598     16.1166    0.385474
      0.2184     27.4373      0.0878      0.7598     16.6124    0.373296
      0.2783     27.7156      0.0599      0.7598     16.8566    0.383447
      0.3691     28.0847      0.0908      0.7598     17.1519    0.354919
      0.4624     28.5471      0.0933      0.7598     17.5504    0.343156
      0.5716     29.1187      0.1092      0.7598     17.9499    0.321604
      0.6329     29.7516      0.0613      0.7598     18.1297    0.343601
      0.7351     30.4867      0.1022      0.7598     18.3778    0.307819
      0.8197     31.3064      0.0846      0.8197     18.6588    0.309073
      0.9118     32.2182      0.0921      0.9118     18.9265    0.294442
      0.9831     33.2013      0.0713      0.9831     19.1404    0.299079
       1.039     34.2403      0.0559       1.039     19.3326     0.30217
      1.0614     35.3017      0.0224      1.0614     19.5286    0.319806
       1.054     36.3557     -0.0074      1.0614     19.7544      0.3385
      1.0356     37.3913     -0.0184      1.0614     20.0162    0.347124
      1.0186     38.4099      -0.017      1.0614      20.215    0.348154
      0.9907     39.4006     -0.0279      1.0614     20.5165    0.357763
      0.9629     40.3635     -0.0278      1.0614     20.7705    0.360761
      0.9315      41.295     -0.0314      1.0614     21.0346    0.366375
      0.9028     42.1978     -0.0287      1.0614     21.2518    0.367912
      0.8653     43.0631     -0.0375      1.0614     21.5225    0.377317
      0.8167     43.8798     -0.0486      1.0614     21.8443    0.389323
      0.7633     44.6431     -0.0534      1.0614     22.1597    0.398077
      0.7231     45.3662     -0.0402      1.0614     22.4189    0.394579
      0.6736     46.0398     -0.0495      1.0614     22.7235    0.405604
       0.622     46.6618     -0.0516      1.0614      23.014     0.41254
      0.5683     47.2301     -0.0537      1.0614      23.315    0.419707
      0.5135     47.7436     -0.0548      1.0614     23.6235    0.426395
       0.458     48.2016     -0.0555      1.0614     23.9388     0.43292
      0.4117     48.6133     -0.0463      1.0614     24.2029    0.432493
      0.3489     48.9622     -0.0628      1.0614      24.533    0.449301
      0.2267     49.1889     -0.1222      1.0614     24.9127    0.498383
      0.0891      49.278     -0.1376      1.0614     25.3112    0.522759
      0.0033     49.2813     -0.0858      1.0614     25.6432    0.501117
      0.1147      49.396      0.1114      1.0614     26.1521    0.370543
      0.1934     49.5894      0.0787      1.0614     26.5596    0.381506
      0.2629     49.8523      0.0695      1.0614     26.8243    0.379381
      0.2968     50.1491      0.0339      1.0614     27.0072    0.397012
      0.3211     50.4702      0.0243      1.0614     27.2252    0.400099
      0.3297     50.7999      0.0086      1.0614     27.5428    0.408573
      0.3205     51.1204     -0.0092      1.0614     27.7833    0.420265
      0.2952     51.4156     -0.0253      1.0614     28.0736    0.432708
      0.2694      51.685     -0.0258      1.0614     28.2916    0.435846
       0.236      51.921     -0.0334      1.0614     28.5686     0.44408
       0.249       52.17       0.013      1.0614     28.8943     0.41481
      0.2773     52.4473      0.0283      1.0614      29.133    0.402517
      0.3063     52.7536       0.029      1.0614     29.3794    0.398907
      0.3272     53.0808      0.0209      1.0614     29.6386    0.401468
      0.3301     53.4109      0.0029      1.0614     29.8868    0.411949
      0.3201      53.731       -0.01      1.0614     30.0645    0.420789
      0.2958     54.0268     -0.0243      1.0614     30.2896    0.432042
      0.2523     54.2791     -0.0435      1.0614     30.5642    0.448347
      0.2044     54.4835     -0.0479      1.0614     30.8121    0.456256
      0.1503     54.6338     -0.0541      1.0614     31.0795    0.465927
       0.093     54.7268     -0.0573      1.0614     31.3564     0.47415
      0.0167     54.7435     -0.0763      1.0614      31.739    0.493943
      0.0029     54.7464     -0.0138      1.0614     32.0335    0.457961
      0.0401     54.7865      0.0372      1.0614     32.4034    0.423269
      0.0742     54.8607      0.0341      1.0614     32.6305    0.421378
       0.111     54.9717      0.0368      1.0614     32.8454     0.41571
      0.1404     55.1121      0.0294      1.0614     33.0846    0.416916
      0.1499      55.262      0.0095      1.0614     33.2475    0.427811
      0.1465     55.4085     -0.0034      1.0614     33.4414    0.435925
      0.1175      55.526      -0.029      1.0614     33.7161    0.454475
       0.079      55.605     -0.0385      1.0614      33.931     0.46441
      0.0301     55.6351     -0.0489      1.0614      34.168    0.476029
      0.0252     55.6603     -0.0049      1.0614     34.4181    0.450168
      0.1258     55.7861      0.1006      1.0614     34.9001    0.375802
      0.0949      55.881     -0.0309      1.0614     35.0904    0.458101
      0.0102     55.8912     -0.0847      1.0614     35.2145    0.499698
      0.1217     56.0129      0.1115      1.0614     35.4255    0.369713
        0.22     56.2329      0.0983      1.0614     35.6961     0.36682
      0.2905     56.5234      0.0705      1.0614     35.8117    0.375745
       0.325     56.8484      0.0345      1.0614      35.899     0.39355
      0.3159     57.1643     -0.0091      1.0614     36.0148    0.420711
      0.2778     57.4421     -0.0381      1.0614     36.1169    0.442302
      0.2032     57.6453     -0.0746      1.0614     36.2767    0.472408
      0.0902     57.7355      -0.113      1.0614     36.4987    0.507878
      0.0265      57.762     -0.0637      1.0614     36.7268    0.485305
      0.0239     57.7859     -0.0026      1.0614     37.0003    0.448931
      0.0767     57.8626      0.0528      1.0614     37.2929    0.409883
      0.1104      57.973      0.0337      1.0614     37.4597    0.417636
      0.1505     58.1235      0.0401      1.0614     37.6219    0.409385
       0.178     58.3015      0.0275      1.0614     37.7618     0.41392
      0.1993     58.5008      0.0213      1.0614     37.8912    0.415297
      0.2141     58.7149      0.0148      1.0614     38.0231    0.417569
      0.1355     58.8504     -0.0786      1.0614     38.1779    0.482255
       0.022     58.8724     -0.1135      1.0614      38.312     0.51568
      0.1737     59.0461      0.1517      1.0614     38.5199    0.339873
      0.2963     59.3424      0.1226      1.0614     38.7706    0.343847
      0.3774     59.7198      0.0811      1.0614     38.8144    0.359826
      0.3836     60.1034      0.0062      1.0614     38.8288    0.404084
       0.315     60.4184     -0.0686      1.0614     38.8738     0.45651
      0.2212     60.6396     -0.0938      1.0614     38.9542    0.481948
      0.0752     60.7148      -0.146      1.0614     39.1239    0.529328
        0.12     60.8348      0.0448      1.0614     39.3689     0.40992
      0.2896     61.1244      0.1696      1.0614     39.6355    0.316384
      0.4345     61.5589      0.1449      1.0614     39.7571    0.315265
      0.3898     61.9487     -0.0447      1.0614     39.7407    0.433942
      0.2216     62.1703     -0.1682      1.0614     39.7048    0.526544
      0.0556     62.2259      -0.166      1.0614     39.7906    0.543484
      0.1401      62.366      0.0845      1.0614      40.021    0.383889
      0.3054     62.6714      0.1653      1.0614     40.2985    0.317226
      0.4036      63.075      0.0982      1.0614       40.37    0.346684
      0.4675     63.5425      0.0639      1.0614       40.33    0.360235
       0.553     64.0955      0.0855      1.0614     40.3274     0.33787
      0.5832     64.6787      0.0302      1.0614     40.3449    0.367728
      0.5543      65.233     -0.0289      1.0614     40.3373    0.406367
      0.4336     65.6666     -0.1207      1.0614     40.3716    0.474724
      0.2986     65.9652      -0.135      1.0614       40.44    0.498154
      0.0678      66.033     -0.2308      1.0614     40.6436    0.581022
      0.0174     66.0504     -0.0504      1.0614     40.8208    0.478326
       0.082     66.1324      0.0646      1.0614     41.1269     0.40222
      0.1787     66.3111      0.0967      1.0614     41.3649    0.372323
      0.2551     66.5662      0.0764      1.0614     41.4434    0.376099
      0.3042     66.8704      0.0491      1.0614     41.4705    0.387078
      0.3015     67.1719     -0.0027      1.0614     41.4932    0.418455
       0.252     67.4239     -0.0495      1.0614     41.5377     0.45198
      0.1545     67.5784     -0.0975      1.0614     41.6252    0.491505
      0.0179     67.5963     -0.1366      1.0614     41.7597    0.529991
      0.1438     67.7401      0.1259      1.0614     41.9471    0.358642
      0.2849      68.025      0.1411      1.0614     42.1443    0.334001
      0.3203     68.3453      0.0354      1.0614     42.1788    0.393527
      0.1762     68.5215     -0.1441      1.0614     42.1391    0.517078
      0.0261     68.5476     -0.1501      1.0614     42.1756    0.537189
      0.1183     68.6659      0.0922      1.0614     42.3531    0.381667
      0.2564     68.9223      0.1381      1.0614     42.5892    0.338936
      0.5626     69.4849      0.3062      1.0614     42.6396    0.204394
      0.9304     70.4153      0.3678      1.0614     42.5976    0.126976
      1.1063     71.5216      0.1759      1.1063     42.3834    0.222767
      1.1665     72.6881      0.0602      1.1665      41.914    0.285565
      1.0339      73.722     -0.1326      1.1665     41.6915    0.415831
      0.8093     74.5313     -0.2246      1.1665     41.5989    0.495737
      0.7195     75.2508     -0.0898      1.1665     41.6624    0.424735
      0.6684     75.9192     -0.0511      1.1665     41.8769    0.407136
      0.5777     76.4969     -0.0907      1.1665      41.988    0.440873
      0.4406     76.9375     -0.1371      1.1665     42.0584    0.483794
      0.3742     77.3117     -0.0664      1.1665     42.1502    0.448678
      0.4601     77.7718      0.0859      1.1665     42.3514    0.347849
      0.5063     78.2781      0.0462      1.1665     42.4851    0.366587
      0.5039      78.782     -0.0024      1.1665     42.4621    0.396011
      0.4492     79.2312     -0.0547      1.1665     42.4553    0.433408
      0.3199     79.5511     -0.1293      1.1665     42.4962    0.492391
      0.0892     79.6403     -0.2307      1.1665     42.6093    0.578608
      0.1937      79.834      0.1045      1.1665     42.7839    0.365993
      0.4571     80.2911      0.2634      1.1665     43.0149    0.241679
      0.7396     81.0307      0.2825      1.1665     43.0276    0.199144
      0.9277     81.9584      0.1881      1.1665      42.794    0.235093
      0.9736      82.932      0.0459      1.1665     42.4964    0.315364
      0.9951     83.9271      0.0215      1.1665     42.2796    0.327639
      0.9732     84.9003     -0.0219      1.1665     42.1984    0.356088
      0.8129     85.7132     -0.1603      1.1665     42.1479    0.456761
      0.6354     86.3486     -0.1775      1.1665     42.1383    0.486606
      0.4425     86.7911     -0.1929      1.1665     42.2842    0.517065
      0.5075     87.2986       0.065      1.1665     42.4616    0.355175
      0.5254      87.824      0.0179      1.1665     42.6797    0.381466
      0.4658     88.2898     -0.0596      1.1665     42.6581    0.434522
      0.3204     88.6102     -0.1454      1.1665     42.6658    0.501996
      0.1357     88.7459     -0.1847      1.1665     42.7391    0.545893
      0.1455     88.8914      0.0098      1.1665     42.9249    0.428115
      0.2337     89.1251      0.0882      1.1665     43.1754    0.371373
      0.1028     89.2279     -0.1309      1.1665       43.28    0.517232
      0.0045     89.2324     -0.0983      1.1665     43.2933    0.508485
      0.1006      89.333      0.0961      1.1665      43.456    0.381274
      0.1035     89.4365      0.0029      1.1665     43.6074    0.436875
      0.0201     89.4566     -0.0834      1.1665      43.637    0.497829
      0.0433     89.4999      0.0232      1.1665     43.7181    0.431317
      0.1005     89.6004      0.0572      1.1665     43.8879    0.404625
      0.2509     89.8513      0.1504      1.1665     44.0011    0.332161
      0.4083     90.2596      0.1574      1.1665     44.0427    0.310647
      0.3704       90.63     -0.0379      1.1665     43.9975    0.431996
       0.287      90.917     -0.0834      1.1665     43.8934     0.46847
      0.2443     91.1613     -0.0427      1.1665     43.9327    0.448747
      0.2647      91.426      0.0204      1.1665     44.0631    0.408643
      0.3363     91.7623      0.0716      1.1665     44.1521    0.370047
      0.4813     92.2436       0.145      1.1665     44.2097    0.310057
      0.7159     92.9595      0.2346      1.1665     44.2093    0.230491
      0.8728     93.8323      0.1569      1.1665     44.1254    0.259852
       0.877     94.7093      0.0042      1.1665      43.957     0.35101
      0.8511     95.5604     -0.0259      1.1665     43.7258    0.371919
      0.8181     96.3785      -0.033      1.1665     43.6749    0.379809
       0.779     97.1575     -0.0391      1.1665     43.6664     0.38777
      0.7506     97.9081     -0.0284      1.1665      43.674    0.384474
      0.6512     98.5593     -0.0994      1.1665       43.69    0.438008
      0.4608     99.0201     -0.1904      1.1665     43.7083    0.513552
      0.3048     99.3249      -0.156      1.1665     43.7838    0.510072
      0.2026     99.5275     -0.1022      1.1665     43.9765    0.489034
      0.1959     99.7234     -0.0067      1.1665     44.1007    0.432471
       0.279     100.002      0.0831      1.1665     44.2931     0.36945
      0.4717     100.474      0.1927      1.1665     44.4022    0.282493
      0.6585     101.133      0.1868      1.1665      44.407    0.265485
      0.9009     102.034      0.2424      1.1665      44.277    0.205461
      1.0681     103.102      0.1672      1.1665     44.0822    0.232189
      1.0762     104.178      0.0081      1.1665     43.8326    0.326758
      1.0013     105.179     -0.0749      1.1665     43.5829    0.384797
      0.8741     106.053     -0.1272      1.1665     43.4972    0.430169
      0.7153     106.769     -0.1588      1.1665     43.5009    0.466597
      0.5786     107.347     -0.1367      1.1665     43.5563    0.468374
      0.4326      107.78      -0.146      1.1665     43.6765    0.490014
      0.3091     108.089     -0.1235      1.1665     43.8339    0.490099
      0.2582     108.347     -0.0509      1.1665     43.9922    0.452138
       0.269     108.616      0.0108      1.1665     44.1561     0.41393
      0.3242      108.94      0.0552      1.1665     44.2581    0.381218
      0.4334     109.374      0.1092      1.1665     44.3218    0.336806
       0.597     109.971      0.1636      1.1665     44.3353     0.28617
      0.7576     110.728      0.1606      1.1665      44.284    0.270304
      0.4765     111.205     -0.2811      1.1665     44.1193    0.566245
       0.273     111.478     -0.2035      1.1665     43.9854     0.54207
      0.0619      111.54     -0.2111      1.1665     44.1123    0.569851
      0.1031     111.643      0.0412      1.1665     44.3421    0.413939
      0.1999     111.843      0.0968      1.1665     44.5946    0.369931
      0.2109     112.053       0.011      1.1665     44.6718    0.420201
       0.169     112.222     -0.0419      1.1665     44.6712     0.45655
      0.0133     112.236     -0.1557      1.1665     44.7364    0.541957
      0.1806     112.416      0.1673      1.1665     44.8186    0.329754
      0.4026     112.819       0.222      1.1665     45.0157    0.272514
      0.6486     113.468       0.246      1.1665     44.9679    0.231054
       0.793     114.261      0.1444      1.1665     44.8342     0.27613
      0.9104     115.171      0.1174      1.1665     44.5638    0.279416
      0.9178     116.089      0.0074      1.1665     44.3984    0.344602
      0.8181     116.907     -0.0997      1.1665     44.2251    0.419829
      0.6153     117.522     -0.2028      1.1665     44.1544    0.503997
      0.4283      117.95      -0.187      1.1665     44.1848    0.515087
      0.1566     118.107     -0.2717      1.1665     44.3602    0.595794
      0.0523     118.159     -0.1043      1.1665     44.5461    0.506827
      0.2057     118.365      0.1534      1.1665     44.8128    0.335333
      0.2768     118.642      0.0711      1.1665     45.0046    0.376892
      0.2577       118.9     -0.0191      1.1665     44.9725    0.433113
      0.1009         119     -0.1568      1.1665     44.9503    0.532981
      0.0594      119.06     -0.0415      1.1665     44.9973    0.468366
      0.3173     119.377      0.2579      1.1665      45.211    0.260357
      0.5324      119.91      0.2151      1.1665     45.3386    0.262376
      0.7029     120.612      0.1705      1.1665     45.1793    0.270381
      0.7961     121.409      0.0932      1.1665     44.9857    0.306509
      0.8046     122.213      0.0085      1.1665     44.8396    0.356394
      0.7112     122.924     -0.0934      1.1665     44.7003    0.427808
       0.545     123.469     -0.1662      1.1665     44.6522     0.48977
      0.2838     123.753     -0.2612      1.1665     44.7107    0.575502
      0.0781     123.831     -0.2057      1.1665     44.8189    0.564829
      0.1843     124.016      0.1062      1.1665     45.0956    0.366007
      0.3552     124.371      0.1709      1.1665     45.3497    0.308388
      0.6228     124.994      0.2676      1.1665     45.3465    0.220932
      0.4733     125.467     -0.1495      1.1665     45.2422    0.487637
      0.4209     125.888     -0.0524      1.1665     44.9927    0.435141
      0.2821      126.17     -0.1388      1.1665      45.057    0.502249
      0.0306       126.2     -0.2515      1.1665     45.1671    0.597534
      0.1834     126.384      0.1528      1.1665     45.3147    0.338146
      0.3748     126.759      0.1914      1.1665     45.5716    0.293932
      0.5079     127.267      0.1331      1.1665     45.5498    0.314271
      0.5661     127.833      0.0582      1.1665     45.3655    0.352809
      0.5567     128.389     -0.0094      1.1665     45.2954    0.394403
       0.453     128.842     -0.1037      1.1665     45.2276     0.46239
      0.2486     129.091     -0.2044      1.1665     45.2282    0.545294
      0.1305     129.221     -0.1181      1.1665     45.3472    0.506505
      0.4969     129.718      0.3664      1.1665     45.5064    0.175501
      0.8812       130.6      0.3843      1.1665     45.6149    0.122488
      1.1789     131.779      0.2977      1.1789     45.2808    0.141701
      1.2589     133.037        0.08      1.2589     44.8576    0.263521
      1.1841     134.222     -0.0748      1.2589     44.5406    0.364629
      0.9409     135.162     -0.2432      1.2589     44.3522    0.492421
      0.6843     135.847     -0.2566      1.2589      44.316    0.528687
      0.4149     136.262     -0.2694      1.2589     44.4886    0.566001
      0.2326     136.494     -0.1823      1.2589      44.651    0.533794
      0.0055       136.5     -0.2271      1.2589     44.9427    0.585655
      0.1431     136.643      0.1376      1.2589     45.1681    0.351699
      0.2341     136.877       0.091      1.2589     45.4381    0.369649
      0.2577     137.135      0.0236      1.2589     45.4533    0.407493
      0.0089     137.144     -0.2488      1.2589     45.4206    0.598301
      0.3928     137.536      0.3839      1.2589     45.4421    0.176452
      0.7956     138.332      0.4028      1.2589      45.652    0.120804
       1.317     139.649      0.5214       1.317     45.3459    -0.00771
      2.0072     141.656      0.6902      2.0072     44.8932   -0.184912
      2.4849     144.141      0.4777      2.4849     43.8525   -0.109959
       2.674     146.815      0.1891       2.674     41.4271      0.0424
      2.5966     149.412     -0.0774       2.674     39.4126    0.210814
      2.4336     151.845      -0.163       2.674     37.5884    0.280104
      2.4256     154.271      -0.008       2.674     37.4691    0.187984
      2.3345     156.605     -0.0911       2.674     37.4054    0.247865
      2.0727     158.678     -0.2618       2.674     37.1793    0.379083
       1.986     160.664     -0.0867       2.674     37.0838     0.28356
      2.3219     162.986      0.3359       2.674     37.1689   -0.006949
      2.5395     165.525      0.2176       2.674     37.1247    0.040095
      2.6131     168.139      0.0736       2.674     36.0003    0.118399
      2.4371     170.576      -0.176       2.674     35.4131    0.287519
      2.2823     172.858     -0.1548       2.674     35.1716    0.291827
      2.2832     175.141      0.0009       2.674     35.1388    0.198308
      2.1601     177.301     -0.1231       2.674     35.1279    0.286249
      1.8669     179.168     -0.2932       2.674     34.9272    0.420561
      1.5197     180.688     -0.3472       2.674     34.8961    0.491153
        1.39     182.078     -0.1297       2.674     35.0889     0.37492
      1.2683     183.346     -0.1217       2.674     35.3125    0.383507
      1.0183     184.364       -0.25       2.674     35.4404    0.487987
      0.7188     185.083     -0.2995       2.674     35.5472    0.550632
      0.2185     185.302     -0.5003       2.674     35.8877    0.726145
      0.1104     185.412     -0.1081       2.674     36.1728    0.502716
      0.0951     185.507     -0.0153       2.674     36.8082    0.448719
      0.0747     185.582     -0.0204       2.674     37.1007    0.454023
      0.0208     185.603     -0.0539       2.674     37.2449    0.480052
       0.105     185.708      0.0842       2.674     37.4256     0.38793
      0.3248     186.033      0.2198       2.674     37.6871    0.282392
      0.5231     186.556      0.1983       2.674     37.8058    0.273479
      0.7688     187.324      0.2457       2.674     37.7716    0.218012
       1.045     188.369      0.2762       2.674     37.7044     0.16933
      1.3353     189.705      0.2903       2.674     37.5633    0.128937
      1.6179     191.323      0.2826       2.674     37.3485    0.102471
      1.7179     193.041         0.1       2.674     37.0736    0.201031
      1.6875     194.728     -0.0304       2.674      36.814    0.282615
      1.6195     196.347      -0.068       2.674     36.6296    0.312655
      1.5423      197.89     -0.0772       2.674     36.5614    0.326667
      1.4769     199.367     -0.0654       2.674     36.5495    0.326781
      1.4463     200.813     -0.0306       2.674     36.5583    0.309267
      1.4253     202.238      -0.021       2.674     36.5782    0.305817
      1.4344     203.673      0.0091       2.674     36.5789    0.286756
      1.4713     205.144      0.0369       2.674     36.5713    0.266017
        1.52     206.664      0.0487       2.674     36.5457     0.25358
      1.5918     208.256      0.0718       2.674     36.4842    0.231822
      1.6696     209.925      0.0778       2.674     36.4033    0.219664
       1.755      211.68      0.0854       2.674     36.2738     0.20571
      1.8131     213.494      0.0581       2.674     36.1453    0.215699
      1.8482     215.342      0.0351       2.674     35.9981    0.225638
      1.8555     217.197      0.0073       2.674     35.8642    0.241515
      1.8341     219.031     -0.0214       2.674     35.7475    0.261089
      1.7848     220.816     -0.0493       2.674      35.655    0.283252
      1.6967     222.513     -0.0881       2.674     35.5919    0.316223
      1.6076      224.12     -0.0891       2.674     35.5656    0.326624
      1.4897      225.61     -0.1179       2.674     35.5805    0.356873
      1.3657     226.976      -0.124       2.674     35.6146    0.374173
      1.2228     228.199     -0.1429       2.674     35.6995    0.401232
      1.1276     229.326     -0.0952       2.674     35.7805    0.383084
      1.0425     230.369     -0.0851       2.674     35.8905    0.386385
      0.9407     231.309     -0.1018       2.674     36.0258    0.407603
       0.867     232.176     -0.0737       2.674     36.1412     0.39885
      0.8072     232.984     -0.0598       2.674     36.2816    0.397088
      0.7546     233.738     -0.0526       2.674     36.4361    0.398554
      0.7259     234.464     -0.0287       2.674     36.5419    0.387371
      0.6989     235.163      -0.027       2.674     36.6689    0.389321
      0.7774      235.94      0.0785       2.674     36.7803    0.317386
      1.0928     237.033      0.3154       2.674     36.9092    0.140552
       1.308     238.341      0.2152       2.674     36.9194       0.177
      1.5079     239.849      0.1999       2.674     36.6294    0.164191
      1.6168     241.466      0.1089       2.674     36.4056    0.206812
      1.8978     243.364       0.281       2.674     36.1799    0.072642
      2.2322     245.596      0.3344       2.674     36.0224    0.003818
      2.4579     248.054      0.2257       2.674     35.6542    0.044211
      2.5417     250.596      0.0838       2.674     35.1636    0.120133
      2.4776     253.073     -0.0641       2.674     34.7647    0.215924
      2.2723     255.345     -0.2053       2.674     34.4999    0.323227
      2.0716     257.417     -0.2007       2.674     34.3812    0.342544
      2.2701     259.687      0.1985       2.674     34.4096    0.081189
      2.3894     262.077      0.1193       2.674     34.4565    0.115586
      2.4803     264.557      0.0909       2.674     34.0254    0.122627
       2.425     266.982     -0.0553       2.674     33.7313     0.21643
      2.6347     269.617      0.2097       2.674     33.4709    0.034363
      2.9793     272.596      0.3446      2.9793     33.3417   -0.084483
      3.1302     275.726      0.1509      3.1302     32.9154    0.015138
      3.1054     278.831     -0.0248      3.1302     30.8138    0.123286
      3.0319     281.863     -0.0735      3.1302     29.4402    0.160591
      2.9366       284.8     -0.0953      3.1302     29.2367    0.184154
       3.031     287.831      0.0944      3.1302     29.1291     0.05995
       3.077     290.908       0.046      3.1302     29.0391     0.08393
      3.0057     293.914     -0.0713      3.1302     28.7357    0.162153
      2.7645     296.678     -0.2412      3.1302     28.4415    0.290625
      2.5572     299.235     -0.2073      3.1302      28.361    0.293088
      2.1039     301.339     -0.4533      3.1302      28.446    0.490551
      1.7209      303.06      -0.383      3.1302     28.5282    0.490501
      1.3645     304.425     -0.3564      3.1302     28.8606    0.513745
      1.0093     305.434     -0.3552      3.1302     29.2215    0.552097
      0.6194     306.053     -0.3899      3.1302     29.6044    0.615806
      0.2715     306.325     -0.3479      3.1302     29.9628    0.628875
      0.1652      306.49     -0.1063      3.1302      30.474    0.495608
      0.6541     307.144      0.4889      3.1302      31.185    0.084709
      0.8766     308.021      0.2225      3.1302     31.4812    0.220074
      1.1522     309.173      0.2756      3.1302     31.2227    0.157898
       1.328     310.501      0.1758      3.1302     31.1367     0.19844
      1.5566     312.058      0.2286      3.1302     30.9642    0.141614
      1.7089     313.766      0.1523      3.1302     30.8599    0.170641
      1.7865     315.553      0.0776      3.1302     30.6913    0.206925
      1.8412     317.394      0.0547      3.1302     30.5756    0.214648
      1.9153     319.309      0.0741      3.1302     30.4761    0.194857
      1.9714     321.281      0.0561      3.1302     30.4192    0.199486
      2.0532     323.334      0.0818      3.1302     30.3135    0.175068
      2.1257      325.46      0.0725      3.1302     30.2269    0.172673
      2.1852     327.645      0.0595      3.1302     30.1308    0.173928
      2.2615     329.906      0.0763      3.1302     29.9878    0.155455
      2.3174     332.224      0.0559      3.1302     29.8685    0.161546
        2.36     334.584      0.0426      3.1302     29.7267     0.16484
      2.3796     336.963      0.0196      3.1302     29.5923    0.176484
      2.3775     339.341     -0.0021      3.1302     29.4864    0.189735
      2.3557     341.697     -0.0218      3.1302     29.3595    0.203953
      2.3208     344.017     -0.0349      3.1302     29.2717    0.215652
      2.2726      346.29     -0.0482      3.1302     29.2059    0.228934
      2.2135     348.504     -0.0591      3.1302     29.1579    0.241975
      2.1573     350.661     -0.0562      3.1302     29.1338    0.246417
       2.083     352.744     -0.0743      3.1302     29.1244     0.26545
      2.0005     354.744     -0.0825      3.1302      29.123    0.279445
      1.9104     356.655     -0.0901      3.1302      29.147    0.293916
       1.818     358.473     -0.0924      3.1302     29.1996     0.30546
      1.7804     360.253     -0.0376      3.1302     29.2648    0.276716
      1.7686     362.022     -0.0118      3.1302     29.3324    0.262534
      1.7461     363.768     -0.0225      3.1302     29.3766    0.271429
      1.7077     365.476     -0.0384      3.1302     29.3966    0.285193
      1.6498     367.125     -0.0579      3.1302     29.4268    0.303262
      1.5724     368.698     -0.0774      3.1302     29.4768    0.323476
      1.4765     370.174     -0.0959      3.1302     29.5524    0.345125
      1.3841     371.558     -0.0924      3.1302     29.6381    0.353189
      1.2401     372.798      -0.144      3.1302     29.7944    0.399989
      1.1048     373.903     -0.1353      3.1302     29.9399    0.409652
      0.9878     374.891      -0.117      3.1302      30.108    0.411542
      0.8478     375.739       -0.14      3.1302     30.3295    0.440742
       0.709     376.448     -0.1388      3.1302     30.5525     0.45529
      0.5746     377.022     -0.1344      3.1302      30.809    0.467434
      0.4482     377.471     -0.1264      3.1302     31.0863    0.476538
      0.3321     377.803     -0.1161      3.1302     31.3781    0.483129
      0.2599     378.063     -0.0722      3.1302     31.6802    0.464731
      0.3477      378.41      0.0878      3.1302     31.9886    0.359073
      0.5436     378.954      0.1959      3.1302     32.2715    0.272664
      0.7328     379.687      0.1892      3.1302     32.4002    0.255872
      0.8833      380.57      0.1505      3.1302     32.3825    0.262537
      0.9752     381.545      0.0919      3.1302     32.3409    0.287588
      1.0016     382.547      0.0264      3.1302     32.3142    0.323984
      0.9717     383.519     -0.0299      3.1302     32.3276    0.361053
      1.0926     384.611      0.1209      3.1302     32.3821    0.257274
      1.3401     385.951      0.2475      3.1302     32.5232    0.154089
      1.4715     387.423      0.1314      3.1302      32.503    0.209295
       1.548     388.971      0.0765      3.1302     32.2926     0.23382
      1.5182     390.489     -0.0298      3.1302     32.1653    0.300878
      1.3984     391.887     -0.1198      3.1302     32.1036    0.368056
      1.2041     393.091     -0.1943      3.1302      32.138    0.434129
      0.9537     394.045     -0.2504      3.1302     32.2677    0.495333
      0.7162     394.761     -0.2375      3.1302     32.4488    0.513718
      0.6047     395.366     -0.1115      3.1302     32.8045    0.450383
       1.116     396.482      0.5113      3.1302     33.1399     0.02046
      1.6815     398.164      0.5655      3.1302     33.3921   -0.074265
      2.1662      400.33      0.4847      3.1302     32.8208   -0.079102
        2.48      402.81      0.3138      3.1302     30.5613    -0.01108
      2.5666     405.376      0.0866      3.1302     29.4377    0.115714
      2.6199     407.996      0.0533      3.1302     28.0016    0.129831
      2.6103     410.607     -0.0096      3.1302     26.7236    0.168627
      2.5531      413.16     -0.0572      3.1302     26.6862    0.203479
      2.3928     415.552     -0.1603      3.1302     26.6179    0.282972
      2.1521     417.705     -0.2407      3.1302     26.5886    0.357689
      1.8483     419.553     -0.3038      3.1302     26.6698    0.428967
      1.4939     421.047     -0.3544      3.1302      26.856    0.498311
      1.1677     422.214     -0.3262      3.1302     27.0889    0.517273
      0.8214     423.036     -0.3463      3.1302     27.4687    0.567426
       0.872     423.908      0.0506      3.1302     27.8775     0.32372
      1.2203     425.128      0.3483      3.1302      28.348    0.106787
      1.5341     426.662      0.3138      3.1302     28.4356    0.092969
      1.7448     428.407      0.2107      3.1302     28.1094    0.131652
      1.8219     430.229      0.0771      3.1302     27.8287    0.203331
       1.769     431.998     -0.0529      3.1302     27.6539     0.28715
      1.5995     433.597     -0.1695      3.1302     27.6053    0.375755
      1.3313     434.929     -0.2682      3.1302     27.6835    0.464477
      0.9839     435.913     -0.3474      3.1302     27.8865    0.550211
      0.6478      436.56     -0.3361      3.1302     28.1529    0.580402
      0.2068     436.767      -0.441      3.1302     28.5928    0.691852
      0.2657     437.033      0.0589      3.1302     29.0778    0.385433
      0.7524     437.785      0.4867      3.1302     29.6936    0.075216
      1.1251      438.91      0.3727      3.1302     29.8946    0.102619
       1.271     440.181      0.1459      3.1302      29.626     0.22265
      1.3156     441.497      0.0446      3.1302     29.4034    0.278524
       1.342     442.839      0.0264      3.1302      29.336     0.28654
      1.3811      444.22      0.0391      3.1302     29.3644    0.274619
      1.4335     445.654      0.0524      3.1302     29.4123    0.260875
      1.4926     447.146      0.0591      3.1302     29.4434    0.250354
       1.596     448.742      0.1034      3.1302     29.4635      0.2124
      1.4242     450.166     -0.1718      3.1302     29.4673    0.396418
      1.2267     451.393     -0.1975      3.1302     29.4284    0.433563
      0.9927     452.386      -0.234      3.1302      29.607    0.481203
      0.8547     453.241      -0.138      3.1302     29.8451    0.438783
      0.7888     454.029     -0.0659      3.1302     30.1443    0.402772
      0.7967     454.826      0.0079      3.1302     30.4157    0.357623
      0.8693     455.695      0.0726      3.1302     30.6345    0.310817
      0.9947      456.69      0.1254      3.1302      30.788    0.265343
      1.1573     457.847      0.1626      3.1302     30.8685    0.225137
      1.3414     459.189      0.1841      3.1302     30.8806    0.191986
      1.5316      460.72      0.1902      3.1302     30.8306    0.167404
      1.6064     462.327      0.0748      3.1302     30.7307    0.228416
      1.4259     463.753     -0.1805      3.1302      30.618    0.401451
       1.184     464.937     -0.2419      3.1302     30.5612      0.4649
      0.9234      465.86     -0.2606      3.1302     30.7328    0.504786
      0.7504      466.61      -0.173      3.1302     30.9898    0.471256
      0.6424     467.253      -0.108      3.1302     31.3104    0.444136
      0.6031     467.856     -0.0393      3.1302     31.6114    0.407239
       0.619     468.475      0.0159      3.1302     31.8306     0.37237
      0.6874     469.162      0.0684      3.1302     32.0387    0.333346
      0.7984     469.961       0.111      3.1302     32.1924    0.295576
      0.9381     470.899      0.1397      3.1302     32.2866    0.262989
      1.0915      471.99      0.1534      3.1302     32.3227    0.237895
      1.2364     473.227      0.1449      3.1302      32.305    0.227056
      1.0942     474.321     -0.1422      3.1302      32.262    0.414958
      0.8006     475.122     -0.2936      3.1302     32.1806    0.538094
      0.5891     475.711     -0.2115      3.1302     32.2947    0.512099
      0.3195      476.03     -0.2696      3.1302     32.7172    0.576615
      0.2083     476.238     -0.1112      3.1302     32.9977    0.493807
      0.1458     476.384     -0.0625      3.1302     33.3924    0.471462
      0.1696     476.554      0.0238      3.1302     33.7665    0.417064
      0.2239     476.778      0.0543      3.1302     33.9515    0.392791
      0.3988     477.177      0.1749      3.1302     34.2129    0.301192
      0.5424     477.719      0.1436      3.1302     34.3418    0.304176
      0.7037     478.423      0.1613      3.1302     34.3663    0.275813
      0.6275      479.05     -0.0762      3.1302     34.3808    0.426695
       0.551     479.601     -0.0765      3.1302     34.3633     0.43529
      0.4618     480.063     -0.0892      3.1302     34.5146    0.452722
      0.3939     480.457     -0.0679      3.1302      34.712    0.447411
      0.3505     480.807     -0.0434      3.1302      35.006    0.437485
      0.2959     481.103     -0.0546      3.1302     35.1867    0.450211
       0.088     481.191     -0.2079      3.1302     35.4218     0.56506
      0.0512     481.242     -0.0368      3.1302     35.6336    0.466448
       0.133     481.375      0.0818      3.1302     35.9604     0.38629
      0.1417     481.517      0.0087      3.1302     36.2056    0.429193
      0.1226      481.64     -0.0191      3.1302     36.3162    0.447974
      0.1386     481.778       0.016      3.1302     36.4841    0.425154
      0.1034     481.882     -0.0352      3.1302     36.6812    0.459746
      0.0189     481.901     -0.0845      3.1302     36.9014    0.498621
      0.1335     482.034      0.1146      3.1302     37.0712    0.366555
      0.1409     482.175      0.0074      3.1302     37.3713    0.430061
      0.1402     482.315     -0.0007      3.1302     37.4688    0.434998
      0.1544      482.47      0.0142      3.1302     37.6131    0.424496
      0.1918     482.661      0.0374      3.1302     37.7763    0.406462
      0.2418     482.903        0.05      3.1302     37.9026    0.393402
      0.3217     483.225      0.0799      3.1302     38.0283    0.366673
      0.4368     483.662      0.1151      3.1302     38.1494    0.332892
      0.4475     484.109      0.0107      3.1302     38.2258    0.394355
      0.4144     484.524     -0.0331      3.1302     38.2407    0.424276
      0.3695     484.893     -0.0449      3.1302     38.3426    0.436295
      0.3466      485.24     -0.0229      3.1302     38.4522    0.425614
      0.3199      485.56     -0.0267      3.1302     38.6049    0.430831
      0.1762     485.736     -0.1437      3.1302     38.7473    0.516838
      0.0563     485.792     -0.1199      3.1302      38.892    0.515747
      0.0296     485.822     -0.0267      3.1302     39.1694    0.462764
      0.0415     485.863      0.0119      3.1302     39.3838    0.438295
       0.016     485.879     -0.0255      3.1302     39.6074     0.46354
      0.1295     486.009      0.1135      3.1302     39.7608    0.367655
      0.2583     486.267      0.1288      3.1302     39.9072    0.344307
      0.3982     486.665      0.1399      3.1302     39.9669    0.322258
      0.4538     487.119      0.0556      3.1302     39.9755    0.366722
      0.5005      487.62      0.0467      3.1302     39.9512    0.366925
      0.5435     488.163       0.043      3.1302      39.993    0.364415
      0.5579     488.721      0.0144      3.1302     40.0253    0.379991
      0.4539     489.175      -0.104      3.1302     40.0604    0.462471
      0.3269     489.502      -0.127      3.1302     40.1137    0.490241
      0.2077     489.709     -0.1192      3.1302     40.2621    0.498673
      0.1178     489.827     -0.0899      3.1302      40.461    0.490982
      0.0756     489.903     -0.0422      3.1302     40.6406    0.467004
      0.0699     489.973     -0.0057      3.1302     40.8501    0.445731
      0.1128     490.086      0.0429      3.1302     41.0288    0.411852
      0.2161     490.302      0.1033      3.1302     41.1974    0.364249
      0.3393     490.641      0.1232      3.1302     41.2941    0.338757
      0.4527     491.094      0.1134      3.1302      41.318    0.332163
      0.4787     491.572       0.026      3.1302      41.301    0.381743
      0.4644     492.037     -0.0143      3.1302     41.2719    0.407496
      0.4254     492.462      -0.039      3.1302     41.3121    0.426606
      0.3818     492.844     -0.0436      3.1302     41.3866    0.434162
      0.3449     493.189     -0.0369      3.1302     41.4711    0.434201
      0.2075     493.396     -0.1374      3.1302     41.6054    0.509615
      0.0986     493.495     -0.1089      3.1302     41.7019    0.504494
      0.0197     493.515     -0.0789      3.1302     41.9338    0.495173
      0.0726     493.587      0.0529      3.1302     42.1445    0.410274
      0.0758     493.663      0.0032      3.1302     42.3068    0.439742
      0.0291     493.692     -0.0467      3.1302     42.3993    0.474819
      0.0648     493.757      0.0357      3.1302     42.5075    0.421452
      0.2065     493.963      0.1417      3.1302     42.6903    0.342265
      0.2759     494.239      0.0694      3.1302      42.785    0.378011
      0.3344     494.574      0.0585      3.1302     42.7659    0.378116
      0.3764      494.95       0.042      3.1302     42.7775    0.383396
      0.4009     495.351      0.0245      3.1302     42.7978    0.391201
      0.4065     495.758      0.0056      3.1302     42.8244    0.401925
      0.3943     496.152     -0.0122      3.1302     42.8614    0.413947
      0.3536     496.505     -0.0407      3.1302     42.9128    0.435524
      0.1275     496.633     -0.2261      3.1302     42.9806    0.571635
      0.1489     496.782      0.0214      3.1302     43.0925    0.420781
      0.3571     497.139      0.2082      3.1302     43.3264    0.285799
      0.4988     497.638      0.1417      3.1302      43.408    0.310112
      0.4681     498.106     -0.0307      3.1302     43.3282    0.416929
      0.3344      498.44     -0.1337      3.1302     43.2334    0.493436
      0.1142     498.554     -0.2202      3.1302     43.2813    0.569558
        0.11     498.664     -0.0042      3.1302     43.4097     0.44042
      0.4806     499.145      0.3706      3.1302     43.7566    0.174774
      0.6762     499.821      0.1956      3.1302     43.8598    0.258258
      0.7235     500.545      0.0473      3.1302      43.637    0.342035
      0.6767     501.221     -0.0468      3.1302     43.4196    0.403643
       0.548     501.769     -0.1287      3.1302     43.3623     0.46694
      0.3967     502.166     -0.1513      3.1302     43.3887    0.497143
      0.1906     502.357     -0.2061      3.1302     43.5073    0.552694
      0.0468     502.404     -0.1438      3.1302     43.7057    0.531132
      0.2162      502.62      0.1694      3.1302     43.9396    0.324578
       0.321     502.941      0.1048      3.1302     44.1525     0.35181
      0.3456     503.286      0.0246      3.1302     44.1086    0.397224
       0.364      503.65      0.0184      3.1302     44.0671     0.39892
      0.3289     503.979     -0.0351      3.1302       44.09    0.434881
      0.2299     504.209      -0.099      3.1302     44.1241    0.484111
      0.0796     504.289     -0.1503      3.1302     44.2018    0.531424
      0.1017      504.39      0.0221      3.1302     44.3444    0.425553
      0.2885     504.679      0.1868      3.1302     44.5501    0.306185
      0.4541     505.133      0.1656      3.1302      44.634    0.300689
      0.5885     505.722      0.1344      3.1302      44.528    0.304625
      0.6323     506.354      0.0438      3.1302     44.4293    0.354167
      0.5331     506.887     -0.0992      3.1302     44.2995    0.450879
       0.326     507.213     -0.2071      3.1302     44.2555      0.5384
      0.0769      507.29     -0.2491      3.1302     44.3343    0.591001
      0.1733     507.463      0.0964      3.1302     44.5261    0.373097
      0.3826     507.846      0.2093      3.1302     44.7957    0.282334
      0.5293     508.375      0.1467      3.1302     44.8108    0.303757
      0.5465     508.922      0.0172      3.1302     44.6777    0.379565
      0.4565     509.378       -0.09      3.1302     44.5573    0.453785
      0.3283     509.706     -0.1282      3.1302     44.5421    0.490807
      0.1704     509.877     -0.1579      3.1302     44.6487    0.525996
      0.0014     509.878      -0.169      3.1302     44.7969    0.551246
       0.179     510.057      0.1776      3.1302     44.9926     0.32375
      0.3379     510.395      0.1589      3.1302     45.2238    0.317491
      0.4709     510.866       0.133      3.1302     45.1685    0.318401
      0.5223     511.388      0.0514      3.1302     45.0679    0.361707
      0.4974     511.886     -0.0249      3.1302     44.9534    0.410226
      0.3688     512.254     -0.1286      3.1302     44.9133    0.486592
      0.1171     512.372     -0.2517      3.1302     44.9421    0.588139
      0.2025     512.574      0.0854      3.1302     45.0902    0.376485
      0.4131     512.987      0.2106      3.1302     45.2859    0.278199
       0.616     513.603      0.2029      3.1302     45.2694      0.2605
      0.6733     514.276      0.0573      3.1302     45.1283    0.341557
      0.6118     514.888     -0.0615      3.1302     44.9403    0.419602
      0.3967     515.285     -0.2151      3.1302     44.8541    0.535423
      0.1181     515.403     -0.2786      3.1302     44.8912    0.604169
      0.1855     515.589      0.0674      3.1302     45.0686    0.389155
      0.3224     515.911      0.1369      3.1302      45.346    0.332396
      0.3804     516.291       0.058      3.1302     45.3797    0.373356
      0.3874     516.679       0.007      3.1302     45.3153    0.403186
      0.3211         517     -0.0663      3.1302     45.2858    0.454459
      0.2135     517.213     -0.1076      3.1302     45.3046    0.491075
      0.1024     517.316     -0.1111      3.1302     45.3725    0.505396
      0.0337     517.349     -0.0687      3.1302     45.5093    0.487513
      0.1635     517.513      0.1298      3.1302     45.6719    0.354135
      0.3441     517.857      0.1806      3.1302     45.8345    0.303789
      0.4444     518.301      0.1003      3.1302     45.8093    0.340936
      0.4684      518.77       0.024      3.1302     45.6803    0.384076
      0.3861     519.156     -0.0823      3.1302     45.5864    0.456909
        0.26     519.416     -0.1261      3.1302     45.5718     0.49706
       0.056     519.472      -0.204      3.1302     45.6528     0.56624
      0.1604     519.632      0.1044      3.1302     45.8221    0.369716
      0.1967     519.829      0.0363      3.1302     46.0069    0.406583
      0.2041     520.033      0.0074      3.1302     46.0108    0.423109
       0.172     520.205     -0.0321      3.1302     46.0223     0.45034
      0.1032     520.308     -0.0688      3.1302     46.0705    0.479928
      0.0302     520.339      -0.073      3.1302     46.1463    0.490478
       0.039     520.378      0.0088      3.1302     46.2614     0.44043
      0.0892     520.467      0.0502      3.1302     46.3957    0.410068
      0.1051     520.572      0.0159      3.1302     46.5032    0.428899
      0.0667     520.639     -0.0384      3.1302     46.5304    0.465703
      0.0993     520.738      0.0326      3.1302     46.5653    0.419517
      0.2927     521.031      0.1934      3.1302     46.6729    0.301763
      0.4297      521.46       0.137      3.1302     46.7143    0.320533
       0.503     521.963      0.0733      3.1302     46.5994     0.35069
      0.5109     522.474      0.0079      3.1302     46.4501    0.389061
      0.4451     522.919     -0.0658      3.1302     46.3857    0.440519
      0.3941     523.313      -0.051      3.1302     46.3668    0.437249
      0.3218     523.635     -0.0723      3.1302     46.4208    0.457982
      0.2262     523.861     -0.0956      3.1302     46.4723    0.482478
      0.0791      523.94     -0.1471      3.1302     46.5573    0.529559
      0.0904     524.031      0.0113      3.1302     46.6752    0.433276
       0.187     524.218      0.0966      3.1302      46.851     0.37147
      0.0316     524.249     -0.1554      3.1302     46.9193    0.539764
       0.157     524.406      0.1254      3.1302     46.8941     0.35749
      0.3164     524.723      0.1594      3.1302     46.9937    0.319556
      0.4834     525.206       0.167      3.1302     46.9338    0.296626
      0.5435      525.75      0.0601      3.1302     46.8123    0.354155
       0.488     526.238     -0.0555      3.1302     46.6263     0.42962
      0.3599     526.598     -0.1281      3.1302     46.5595    0.487271
      0.1276     526.725     -0.2323      3.1302     46.5905    0.575344
      0.1623     526.888      0.0347      3.1302     46.7053    0.411327
      0.3362     527.224      0.1739      3.1302     46.9252    0.308678
       0.331     527.555     -0.0052      3.1302     46.9591     0.41671
      0.2842     527.839     -0.0468      3.1302     46.8727    0.446818
      0.1739     528.013     -0.1103      3.1302     46.8702    0.497051
      0.0614     528.074     -0.1125      3.1302      46.927    0.510746
      0.5291     528.603      0.4677      3.1302     47.0453    0.111179
      0.9452     529.549      0.4161      3.1302     47.1634    0.096368
      1.2298     530.778      0.2846      3.1302     46.6996    0.143962
      1.3134     532.092      0.0836      3.1302     46.2618    0.255366
      1.2112     533.303     -0.1022      3.1302     45.8536    0.378088
      1.1574      534.46     -0.0538      3.1302     45.5711    0.354966
      1.0891     535.549     -0.0683      3.1302     45.5369    0.371179
      0.8435     536.393     -0.2456      3.1302     45.4878    0.504575
      0.5757     536.969     -0.2678      3.1302     45.4617    0.547353
      0.3826     537.351     -0.1931      3.1302     45.5932    0.523774
      0.2675     537.619     -0.1151      3.1302     45.8067    0.489635
      0.1454     537.764     -0.1221      3.1302     46.0047    0.507266
      0.0195     537.784     -0.1259      3.1302      46.153    0.523395
      0.1095     537.893        0.09      3.1302     46.3139    0.383955
      0.2159     538.109      0.1064      3.1302     46.4657    0.362411
      0.1325     538.242     -0.0834      3.1302     46.4807    0.485465
      0.3938     538.635      0.2613      3.1302     46.4376    0.249902
      0.9107     539.546      0.5169      3.1302     46.5189    0.039683
      1.2061     540.752      0.2954      3.1302     46.2629    0.140089
      1.5054     542.258      0.2993      3.1302     45.4925    0.104826
      1.6666     543.924      0.1612      3.1302     45.0695    0.169954
       1.681     545.605      0.0144      3.1302     44.6195     0.25645
      1.3859     546.991     -0.2951      3.1302     44.2323    0.474611
      0.9388      547.93     -0.4471      3.1302     44.0435    0.614992
      0.7592     548.689     -0.1796      3.1302     44.1342    0.474248
      0.5914      549.28     -0.1678      3.1302     44.3597    0.485626
      0.3047     549.585     -0.2867      3.1302     44.5467    0.588503
      0.0126     549.598     -0.2921      3.1302     44.6945    0.623874
      0.2473     549.845      0.2347      3.1302     44.9162    0.281977
      0.5517     550.397      0.3044      3.1302     45.2506    0.206673
      0.7022     551.099      0.1505      3.1302     45.1564    0.282458
        0.48     551.579     -0.2222      3.1302     44.9494     0.53052
      0.1078     551.687     -0.3722      3.1302     44.7622    0.661462
      0.1632      551.85      0.0554      3.1302     44.8151    0.398808
      0.4082     552.258       0.245      3.1302     45.0631    0.258098
      0.5134     552.772      0.1052      3.1302     45.1047    0.330406
      0.5744     553.346       0.061      3.1302     44.9225    0.350216
      0.5472     553.893     -0.0272      3.1302     44.8269    0.406128
      0.3587     554.252     -0.1885      3.1302     44.7733    0.523643
      0.0378      554.29     -0.3209      3.1302     44.7978    0.638382
      0.1235     554.413      0.0857      3.1302     44.9756    0.384995
       0.318     554.731      0.1945      3.1302     45.3584     0.29832
      0.5018     555.233      0.1838      3.1302     45.4167    0.284522
      0.6592     555.892      0.1574      3.1302     45.3302    0.283048
      0.8386     556.731      0.1794      3.1302     45.1854    0.250114
      0.9984     557.729      0.1598      3.1302     45.0379    0.244296
       1.145     558.874      0.1466      3.1302     44.8167     0.23609
      1.0977     559.972     -0.0473      3.1302     44.5839    0.357633
      0.9258     560.898     -0.1719      3.1302     44.4101    0.451302
      0.6529     561.551     -0.2729      3.1302     44.3393    0.541921
      0.4299      561.98      -0.223      3.1302     44.4007    0.536511
      0.2672     562.248     -0.1627      3.1302     44.5719    0.518228
      0.1954     562.443     -0.0718      3.1302     44.7802    0.471586
      0.0536     562.497     -0.1418      3.1302     44.9752    0.529184
      0.0001     562.497     -0.0535      3.1302     45.1372    0.482089
      0.0534      562.55      0.0533      3.1302     45.2849    0.412146
      0.2194      562.77       0.166      3.1302     45.4344    0.326266
      0.4287     563.198      0.2093      3.1302     45.4841    0.277263
      0.7838     563.982      0.3551      3.1302     45.3964    0.150722
      1.1033     565.085      0.3195      3.1302     45.2397    0.136937
      1.3822     566.468      0.2789      3.1302     44.8858    0.130618
      1.5483     568.016      0.1661      3.1302     44.5055    0.180027
      1.4415     569.457     -0.1068      3.1302     44.0671    0.355515
      1.1647     570.622     -0.2768      3.1302     43.7254    0.487963
      0.8359     571.458     -0.3288      3.1302     43.6531    0.555331
      0.5454     572.003     -0.2905      3.1302     43.7275    0.564306
      0.2314     572.235      -0.314      3.1302     43.9329    0.612946
      0.0078     572.243     -0.2236      3.1302     44.1834    0.583302
      0.1485     572.391      0.1407      3.1302     44.5371    0.349245
      0.1247     572.516     -0.0238      3.1302     44.8281    0.450563
      0.0022     572.518     -0.1225      3.1302     44.8466    0.523258
      0.2432     572.761       0.241      3.1302     44.9247    0.278648
      0.6149     573.376      0.3717      3.1302     45.1401    0.159341
      0.9528     574.329      0.3379      3.1302     45.0253    0.142452
      1.2941     575.623      0.3413      3.1302     44.6754    0.102869
      1.1269      576.75     -0.1672      3.1302      44.361    0.426361
      0.9262     577.676     -0.2007      3.1302     43.9186    0.468538
      0.5748     578.251     -0.3514      3.1302     43.8866    0.597612
      0.2448     578.496       -0.33      3.1302     43.9939    0.621072
      0.0553     578.551     -0.1895      3.1302     44.2306    0.557617
      0.2124     578.763      0.1571      3.1302     44.4345    0.332376
      0.3711     579.134      0.1587      3.1302     44.7201    0.313959
      0.3786     579.513      0.0075      3.1302     44.7038    0.403854
       0.006     579.519     -0.3726      3.1302     44.6029      0.6729
      0.2521     579.771      0.2461      3.1302     44.6322    0.274609
      0.5781     580.349       0.326      3.1302     44.9131    0.190809
      0.9052     581.254      0.3271      3.1302     44.8076    0.154168
      1.1213     582.376      0.2161      3.1302     44.4659    0.196997
      1.1749     583.551      0.0536      3.1302     44.1731    0.288601
      1.1157     584.666     -0.0592      3.1302     43.8918    0.362793
      0.9363     585.603     -0.1794      3.1302     43.7484    0.454647
      0.6158     586.218     -0.3205      3.1302      43.713    0.574562
      0.2882     586.507     -0.3276      3.1302     43.7991    0.614858
       0.018     586.525     -0.2702      3.1302     43.9802     0.61014
      0.2571     586.782      0.2391      3.1302     44.2841    0.278259
      0.4498     587.232      0.1927      3.1302     44.6059    0.284902
      0.5385      587.77      0.0887      3.1302     44.4919    0.337545
      0.4838     588.254     -0.0547      3.1302     44.3476    0.429602
      0.2801     588.534     -0.2037      3.1302     44.2682    0.541409
       0.063     588.597     -0.2171      3.1302     44.3092     0.57333
      0.2304     588.827      0.1674      3.1302     44.4999    0.324216
      0.5622      589.39      0.3318      3.1302     44.8021    0.189078
      0.7911     590.181      0.2289      3.1302     44.7487    0.225639
      0.9071     591.088       0.116      3.1302     44.5142    0.280619
      0.9192     592.007      0.0121      3.1302     44.1903    0.341628
      0.7889     592.796     -0.1303      3.1302     44.0367    0.441401
      0.5582     593.354     -0.2307      3.1302     43.9742    0.527018
      0.2613     593.615     -0.2969      3.1302     44.0403    0.599397
      0.1086     593.724     -0.1527      3.1302     44.2542    0.529674
      0.4056      594.13       0.297      3.1302     44.5301    0.227184
      0.8403      594.97      0.4347      3.1302     44.7168    0.096747
      0.7213     595.691      -0.119      3.1302     44.5869    0.442057
      0.6811     596.372     -0.0402      3.1302     43.8926    0.399199
      0.4678      596.84     -0.2133      3.1302     43.8864    0.526522
      0.2264     597.066     -0.2414      3.1302      43.928    0.569936
       0.103     597.169     -0.1234      3.1302     44.0994     0.51271
      0.4802      597.65      0.3772      3.1302     44.3964    0.170858
      0.7452     598.395       0.265      3.1302     44.5675    0.209028
      0.9057     599.301      0.1605      3.1302     44.2805    0.254073
      0.9625     600.263      0.0568      3.1302     44.0296    0.310045
      0.8042     601.067     -0.1583      3.1302     43.7684    0.456518
      0.5473     601.615     -0.2569      3.1302     43.6607    0.543937
      0.1257      601.74     -0.4216      3.1302     43.7456    0.689133
      0.4318     602.172      0.3061      3.1302      43.952    0.218842
      1.0229     603.195      0.5911      3.1302     44.3644   -0.017179
      1.3412     604.536      0.3183      3.1302     44.1833    0.111488
      1.5437      606.08      0.2025      3.1302     42.4415    0.158693
      1.4804      607.56     -0.0633      3.1302     41.8971    0.325136
      1.1646     608.725     -0.3158      3.1302     41.5569    0.511374
       0.884     609.609     -0.2806      3.1302     41.4943     0.52112
      0.5727     610.182     -0.3113      3.1302     41.6798    0.573783
      0.2905     610.472     -0.2822      3.1302      41.906    0.587365
      0.0091     610.481     -0.2814      3.1302     42.2429    0.617839
      0.1804     610.662      0.1713      3.1302     42.5075    0.327376
      0.3306     610.992      0.1502      3.1302     42.9147    0.323514
      0.3663     611.358      0.0357      3.1302     42.9294    0.388287
      0.2388     611.597     -0.1275      3.1302     42.8588    0.500232
       0.108     611.705     -0.1308      3.1302     42.8733      0.5166
      0.6271     612.332      0.5191      3.1302     43.0601    0.069559
      1.0364     613.369      0.4093      3.1302     43.1961    0.090416
      1.6838     615.053      0.6474      3.1302     42.7271   -0.123658
      2.2815     617.334      0.5977      3.1302     42.2624   -0.159585
      2.5517     619.886      0.2702      3.1302     40.8406    0.007193
      2.7109     622.597      0.1592      3.1302      38.739    0.056281
      2.7093     625.306     -0.0016      3.1302     36.9251    0.152937
      2.5773     627.883      -0.132      3.1302     36.6375    0.245697
      2.4618     630.345     -0.1155      3.1302     36.3692    0.248502
       2.473     632.818      0.0112      3.1302     36.2715     0.17125
      2.3709     635.189     -0.1021      3.1302     36.1872    0.250461
      2.1528     637.342     -0.2181      3.1302     35.9741    0.344052
      2.2561     639.598      0.1033      3.1302     35.8781    0.139849
       2.586     642.184      0.3299      3.1302     35.9304     -0.0324
      2.7366      644.92      0.1506      3.1302     35.7008    0.058614
      2.7137     647.634     -0.0229      3.1302     32.2395    0.165233
      2.4908     650.125     -0.2229      3.1302     31.6862    0.309752
       2.279     652.404     -0.2118      3.1302     31.5284     0.32639
      2.2403     654.644     -0.0387      3.1302       31.58    0.226787
      2.0957      656.74     -0.1446      3.1302     31.6829    0.306233
      1.8203      658.56     -0.2754      3.1302     31.5913    0.415007
      1.5435     660.104     -0.2768      3.1302     31.6254    0.446295
      1.2419     661.346     -0.3016      3.1302     31.8633    0.494351
      1.1146      662.46     -0.1273      3.1302     32.1594    0.403774
      0.9563     663.417     -0.1583      3.1302     32.4742    0.439787
      0.7451     664.162     -0.2112      3.1302     32.6578    0.494759
      0.4727     664.634     -0.2724      3.1302     32.8815    0.561443
      0.1453      664.78     -0.3274      3.1302     33.1846    0.630457
      0.0623     664.842      -0.083      3.1302     33.6455    0.492947
      0.0712     664.913      0.0089      3.1302     34.0469    0.436828
      0.1013     665.014      0.0301      3.1302     34.3664    0.420797
      0.1603     665.175       0.059      3.1302     34.5243    0.396967
      0.3169     665.492      0.1566      3.1302     34.7276    0.321181
      0.5217     666.013      0.2048      3.1302     34.8762    0.269733
      0.7826     666.796      0.2609      3.1302     34.9355    0.207374
      1.0131     667.809      0.2305      3.1302     34.9068    0.200259
      1.2593     669.068      0.2462      3.1302     34.7842    0.163757
      1.5472     670.616      0.2879      3.1302     34.6203    0.107068
      1.7449      672.36      0.1977      3.1302     34.4655    0.139441
      2.0115     674.372      0.2666      3.1302     34.1048    0.068775
      1.9788     676.351     -0.0327      3.1302      33.879    0.251952
      1.8912     678.242     -0.0876      3.1302     33.6187    0.294528
      1.7464     679.988     -0.1448      3.1302     33.5131    0.344776
      1.6297     681.618     -0.1167      3.1302     33.5102    0.340753
      1.5388     683.157     -0.0909      3.1302     33.5752    0.335272
      1.4837     684.641     -0.0551      3.1302     33.6523    0.319853
      1.4665     686.107     -0.0172      3.1302     33.7116    0.299005
      1.4779     687.585      0.0114      3.1302     33.7629    0.280591
      1.5276     689.113      0.0497      3.1302     33.7871    0.252144
      1.5927     690.705      0.0651      3.1302     33.7806    0.235743
       1.655      692.36      0.0623      3.1302     33.7423     0.23057
      1.7413     694.102      0.0863      3.1302     33.6565    0.206677
      1.7964     695.898      0.0551      3.1302     33.5887    0.219336
      1.8533     697.751      0.0569      3.1302     33.4564    0.211997
       1.878     699.629      0.0247      3.1302     33.3589      0.2286
      1.8796     701.509      0.0016      3.1302     33.2729    0.242284
      1.8449     703.354     -0.0347      3.1302     33.1658    0.267881
      1.8008     705.155     -0.0441      3.1302     33.1164    0.278372
      1.7089     706.863     -0.0919      3.1302     33.0907    0.317161
      1.6222     708.486     -0.0867      3.1302     33.0869    0.323578
      1.5081     709.994     -0.1141      3.1302     33.1331    0.352569
       1.388     711.382     -0.1201      3.1302     33.1946     0.36938
      1.2672     712.649     -0.1208      3.1302     33.2911    0.383088
      1.1331     713.782     -0.1341      3.1302     33.4338    0.405819
      1.0116     714.794     -0.1215      3.1302     33.5974    0.411624
      0.9356     715.729      -0.076      3.1302     33.7375    0.392684
      0.8587     716.588     -0.0769      3.1302     33.9168    0.401683
      0.7849     717.373     -0.0738      3.1302     34.0967    0.407941
      0.7324     718.105     -0.0525      3.1302     34.2571    0.400936
      0.6959     718.801     -0.0365      3.1302     34.3969    0.395351
      0.6583     719.459     -0.0376      3.1302     34.5555    0.400147
      0.6241     720.084     -0.0342      3.1302     34.7037    0.401869
      0.6451     720.729       0.021      3.1302     34.8549    0.366439
      0.8314      721.56      0.1863      3.1302      34.982    0.246766
      1.1071     722.667      0.2757      3.1302     35.1032    0.162799
      1.3068     723.974      0.1997      3.1302     35.0213    0.186432
      1.4335     725.407      0.1267      3.1302     34.7971    0.216295
      1.5054     726.913      0.0719      3.1302     34.6471    0.241266
      1.9097     728.823      0.4043      3.1302     34.5036   -0.002647
      2.1012     730.924      0.1915      3.1302     34.4481    0.103968
      2.3035     733.227      0.2023      3.1302     33.7098    0.075235
      2.3416     735.569      0.0381      3.1302     33.3512    0.169564
      2.2608      737.83     -0.0808      3.1302     33.0897    0.249792
      2.0982     739.928     -0.1626      3.1302     32.9435    0.316758
      1.9109     741.839     -0.1873      3.1302     32.8953    0.352181
      2.1612         744      0.2503      3.1302     32.9503    0.062088
      2.3488     746.349      0.1876      3.1302     33.0496    0.079072
      2.4463     748.795      0.0975      3.1302     32.6516    0.122407
      2.4472     751.242      0.0009      3.1302     32.3061    0.180268
      2.7694     754.012      0.3222      3.1302     32.0243   -0.047954
      3.0201     757.032      0.2507      3.1302     31.9017   -0.032631
      3.1934     760.225      0.1733      3.1934     28.3689   -0.005254
      3.1765     763.402     -0.0169      3.1934      26.002    0.110725
       3.039     766.441     -0.1375      3.1934     25.2331     0.19821
      2.9231     769.364     -0.1159      3.1934     25.0405    0.197999
      2.9683     772.332      0.0452      3.1934     24.9703    0.096367
      3.0303     775.362       0.062      3.1934     24.9838    0.079467
       2.994     778.356     -0.0363      3.1934     24.7911     0.14244
      2.8633      781.22     -0.1307      3.1934     24.5813    0.213457
      2.6877     783.907     -0.1756      3.1934      24.496    0.259713
      2.3568     786.264     -0.3309      3.1934     24.5124    0.389292
      2.0658      788.33      -0.291      3.1934      24.577    0.397362
      1.6373     789.967     -0.4285      3.1934     24.8777    0.526997
      1.3539     791.321     -0.2834      3.1934     25.1553    0.471111
       1.108     792.429     -0.2459      3.1934      25.516     0.47566
      0.7838     793.213     -0.3242      3.1934     25.8929    0.558302
       0.356     793.569     -0.4278      3.1934     26.3252     0.66752
      0.0473     793.616     -0.3087      3.1934     26.7994    0.630017
      0.4683     794.085       0.421      3.1934     27.4145    0.145887
      0.7609     794.845      0.2926      3.1934     27.8978    0.190741
      1.0107     795.856      0.2498      3.1934     27.8337    0.188943
      1.2501     797.106      0.2394      3.1934     27.7594    0.168849
      1.5238      798.63      0.2737      3.1934     27.6764    0.118162
       1.753     800.383      0.2292      3.1934     27.5795     0.11965
      1.9354     802.318      0.1824      3.1934     27.4429    0.127666
      2.1263     804.445      0.1909      3.1934     27.2459    0.101567
      2.2493     806.694       0.123      3.1934     27.0659    0.128777
      2.3383     809.032       0.089      3.1934     26.8795    0.139387
      2.4008     811.433      0.0625      3.1934     26.7519    0.148412
      2.4752     813.908      0.0744      3.1934     26.5988    0.133088
      2.5286     816.437      0.0534      3.1934      26.482    0.139814
      2.5718     819.009      0.0432      3.1934     26.3481    0.141182
      2.5993     821.608      0.0275      3.1934     26.2436    0.147577
      2.6241     824.232      0.0248      3.1934     26.1037    0.146469
      2.6323     826.864      0.0082      3.1934     25.9944    0.155527
      2.6255      829.49     -0.0068      3.1934     25.8689    0.165275
      2.6054     832.095     -0.0201      3.1934     25.7751    0.175466
      2.5746      834.67     -0.0308      3.1934     25.7094    0.185274
        2.52      837.19     -0.0546      3.1934     25.6476     0.20556
      2.3748     839.565     -0.1452      3.1934     25.5838    0.275892
      2.3024     841.867     -0.0724      3.1934      25.572    0.240176
       2.215     844.082     -0.0874      3.1934     25.6469     0.25879
       2.111     846.193      -0.104      3.1934      25.691     0.28019
      2.0333     848.226     -0.0777      3.1934     25.7376    0.272957
      1.9215     850.148     -0.1118      3.1934     25.8403    0.305715
       1.821     851.969     -0.1005      3.1934     25.9202     0.30999
       1.717     853.686      -0.104      3.1934     26.0412     0.32353
      1.6283     855.314     -0.0887      3.1934     26.1485    0.324107
      1.5457      856.86     -0.0826      3.1934     26.2954    0.329533
      1.4987     858.359      -0.047      3.1934     26.4671    0.313343
      1.4631     859.822     -0.0356      3.1934     26.6195    0.310419
      1.4191     861.241      -0.044      3.1934     26.7487    0.320299
      1.3624     862.603     -0.0567      3.1934     26.8705    0.334156
      1.2919     863.895     -0.0705      3.1934     27.0039    0.350191
      1.2077     865.103     -0.0842      3.1934     27.1556    0.367673
      1.1113     866.214     -0.0964      3.1934     27.3286    0.385597
      1.0046     867.219     -0.1067      3.1934     27.5239    0.403514
      0.9102     868.129     -0.0944      3.1934     27.7049    0.406518
       0.773     868.902     -0.1372      3.1934     27.9869     0.44729
      0.6516     869.554     -0.1214      3.1934     28.2309    0.451164
      0.5305     870.084     -0.1211      3.1934     28.5243    0.464305
      0.4132     870.497     -0.1173      3.1934     28.8259    0.474928
       0.319     870.816     -0.0942      3.1934     29.0886     0.47143
      0.2121     871.028     -0.1069      3.1934     29.4167    0.490809
      0.1119      871.14     -0.1002      3.1934     29.7383    0.497811
      0.0067     871.147     -0.1052      3.1934     30.1366    0.512383
      0.0856     871.233      0.0789      3.1934     30.4273    0.393244
      0.1951     871.428      0.1095      3.1934     30.8526    0.362839
      0.4218     871.849      0.2267      3.1934      31.083    0.267582
      0.5663     872.416      0.1445      3.1934     31.2002    0.301007
      0.7141      873.13      0.1478      3.1934      31.189    0.282769
      0.7728     873.903      0.0587      3.1934     31.2229    0.329772
      0.7899     874.693      0.0171      3.1934      31.245    0.352851
      0.7965     875.489      0.0066      3.1934      31.331    0.358425
      1.0101     876.499      0.2136      3.1934     31.4544    0.210729
      1.2198     877.719      0.2097      3.1934     31.5861    0.190002
      1.3652     879.084      0.1454      3.1934     31.4885    0.212588
       1.424     880.508      0.0588      3.1934     31.3545     0.25808
      1.4058     881.914     -0.0182      3.1934     31.2797    0.306282
      1.3107     883.225     -0.0951      3.1934     31.2633    0.362883
      1.1479     884.373     -0.1628      3.1934     31.3182    0.421411
      0.9314     885.304     -0.2165      3.1934     31.4521    0.477446
      0.7215     886.025     -0.2099      3.1934     31.6291    0.496575
      0.6046      886.63     -0.1169      3.1934     32.0196    0.453634
        1.12      887.75      0.5154      3.1934     32.3407     0.01756
      1.6839     889.434      0.5639      3.1934     32.6048   -0.073569
      2.1674     891.601      0.4835      3.1934     32.0412   -0.078514
      2.4431     894.044      0.2757      3.1934     30.1932    0.015839
      2.5724     896.617      0.1293      3.1934      28.699    0.089456
      2.6332      899.25      0.0608      3.1934     27.4324    0.123868
      2.6151     901.865     -0.0181      3.1934     27.1306    0.173199
      2.5159     904.381     -0.0992      3.1934     27.0135    0.232771
      2.2718     906.653     -0.2441      3.1934     26.9206    0.346562
      1.9257     908.579     -0.3461      3.1934     26.9286    0.445833
      1.6322     910.211     -0.2935      3.1934     27.0605    0.446558
      1.1785     911.389     -0.4537      3.1934     27.4136    0.592585
      0.8507      912.24     -0.3278      3.1934     27.6731    0.553103
      0.7856     913.026     -0.0651      3.1934     28.0708    0.402644
      1.1576     914.183       0.372      3.1934     28.6097    0.099464
      1.5076     915.691        0.35      3.1934     28.8327    0.074164
      1.7657     917.456      0.2581      3.1934     28.4664    0.100913
      1.8874     919.344      0.1217      3.1934     28.1343    0.169366
      1.8842     921.228     -0.0032      3.1934     27.9391    0.244658
      1.7669     922.995     -0.1173      3.1934     27.8348    0.326021
       1.542     924.537     -0.2249      3.1934     27.8483     0.41532
       1.228     925.765      -0.314      3.1934     27.9791     0.50332
      0.8438     926.609     -0.3842      3.1934     28.2331    0.587702
      0.4842     927.093     -0.3596      3.1934     28.5399    0.612498
      0.0229     927.116     -0.4613      3.1934     29.0261    0.724261
      0.5439      927.66       0.521      3.1934     29.6398    0.077571
      1.0033     928.663      0.4594      3.1934     30.2905    0.063997
      1.1395     929.803      0.1362      3.1934     30.1072    0.242935
      1.1838     930.986      0.0443      3.1934     29.8719    0.293202
      1.2247     932.211      0.0409      3.1934     29.8065    0.290743
      1.2594      933.47      0.0347      3.1934     29.8358    0.290646
      1.3287     934.799      0.0693      3.1934     29.8937    0.262263
      1.4114     936.211      0.0827      3.1934     29.9445    0.245126
       1.538     937.749      0.1266      3.1934     29.9646     0.20486
      1.3794     939.128     -0.1586      3.1934     29.9578    0.393426
      1.1505     940.278     -0.2289      3.1934     29.8925    0.460785
      0.9529     941.231     -0.1976      3.1934     30.0277    0.463741
      0.8348     942.066     -0.1181      3.1934     30.2342    0.429032
      0.7594     942.826     -0.0754      3.1934     30.5172    0.411706
      0.7544      943.58      -0.005      3.1934     30.7688    0.370016
      0.8149     944.395      0.0605      3.1934     30.9912    0.324061
      0.9567     945.352      0.1418      3.1934     31.1828    0.259683
      1.0651     946.417      0.1084      3.1934     31.2489    0.267799
      1.3103     947.727      0.2452      3.1934     31.2476    0.158747
       1.475     949.202      0.1647      3.1934     31.2485     0.18893
      1.5682      950.77      0.0932      3.1934     31.1001    0.221578
      1.3525     952.123     -0.2157      3.1934     30.9838    0.430645
      1.1506     953.273     -0.2019      3.1934     30.9277    0.444574
      0.9295     954.203     -0.2211      3.1934     31.0847    0.480415
      0.7563     954.959     -0.1732      3.1934     31.3238    0.470727
      0.6429     955.602     -0.1134      3.1934      31.611    0.447321
      0.5945     956.196     -0.0484      3.1934      31.948    0.413645
      0.6234      956.82      0.0289      3.1934     32.2076    0.364086
      0.7097      957.53      0.0863      3.1934     32.4193    0.320153
       0.816     958.346      0.1063      3.1934     32.5377     0.29646
      0.9687     959.314      0.1527      3.1934     32.6086    0.251823
      1.1355      960.45      0.1668      3.1934     32.6399    0.225015
      1.2785     961.728       0.143      3.1934     32.6066    0.223565
      1.0454     962.774     -0.2331      3.1934     32.5049    0.474866
      0.8363      963.61     -0.2091      3.1934     32.4395    0.483467
      0.5642     964.174     -0.2721      3.1934      32.671    0.551198
      0.3807     964.555     -0.1835      3.1934     32.9503    0.518223
      0.2762     964.831     -0.1045      3.1934     33.2416    0.482318
      0.2146     965.046     -0.0616      3.1934     33.6399    0.463354
      0.2368     965.282      0.0222      3.1934      33.933    0.410632
      0.3213     965.604      0.0845      3.1934      34.192    0.363957
      0.4559      966.06      0.1346      3.1934     34.3784    0.319091
       0.653     966.713      0.1971      3.1934     34.5085     0.25991
      0.7127     967.425      0.0597      3.1934     34.5458    0.335783
      0.6301     968.055     -0.0826      3.1934     34.4988    0.430249
      0.5368     968.592     -0.0933      3.1934     34.5449    0.446932
      0.4528     969.045      -0.084      3.1934      34.712    0.450592
      0.4026     969.448     -0.0502      3.1934     34.8856    0.435834
       0.371     969.819     -0.0316      3.1934     35.1401     0.42815
      0.2806     970.099     -0.0904      3.1934      35.341    0.473374
      0.0782     970.177     -0.2024      3.1934      35.558    0.562838
      0.0348     970.212     -0.0434      3.1934     35.7505    0.472212
      0.1195     970.332      0.0847      3.1934      36.139    0.386035
      0.1129     970.445     -0.0066      3.1934     36.3931    0.441541
      0.1084     970.553     -0.0045      3.1934     36.6691    0.440776
      0.0566      970.61     -0.0518      3.1934     36.8579    0.474854
      0.0233     970.633     -0.0333      3.1934     37.0117    0.467417
      0.1773      970.81       0.154      3.1934     37.2759    0.338097
      0.1786     970.989      0.0013      3.1934     37.4594    0.429574
      0.1722     971.161     -0.0064      3.1934     37.5153    0.434898
      0.1778     971.339      0.0056      3.1934     37.6511    0.427082
      0.1993     971.538      0.0215      3.1934      37.786    0.415177
      0.2577     971.796      0.0584      3.1934     37.9647    0.386613
      0.3191     972.115      0.0614      3.1934     38.0786    0.378059
      0.4091     972.524        0.09      3.1934     38.1757    0.350999
      0.4566     972.981      0.0475      3.1934     38.2548    0.371274
       0.413     973.394     -0.0436      3.1934     38.2968     0.43073
      0.3629     973.757     -0.0501      3.1934     38.3693    0.440141
      0.3344     974.091     -0.0285      3.1934     38.4786    0.430316
      0.3184     974.409      -0.016      3.1934     38.6365    0.424576
      0.1935     974.603     -0.1249      3.1934     38.7849    0.503655
      0.0687     974.672     -0.1248      3.1934     38.9229    0.517323
       0.027     974.699     -0.0417      3.1934     39.1829     0.47205
      0.0486     974.747      0.0216      3.1934     39.3945    0.431694
      0.0262     974.773     -0.0224      3.1934      39.566    0.460558
      0.0542     974.828       0.028      3.1934     39.7136    0.427238
      0.1832     975.011       0.129      3.1934     39.8861    0.352448
      0.3451     975.356      0.1619      3.1934     40.0206    0.314899
      0.4186     975.774      0.0735      3.1934     40.0541    0.359854
      0.4548     976.229      0.0362      3.1934     40.0266    0.378252
      0.4868     976.716       0.032      3.1934     40.0444    0.377252
      0.5103     977.226      0.0235      3.1934     40.0945    0.379767
      0.4813     977.708      -0.029      3.1934     40.1471    0.414457
       0.343     978.051     -0.1383      3.1934     40.2111     0.49525
      0.2439     978.295     -0.0991      3.1934     40.2895    0.482631
      0.1333     978.428     -0.1106      3.1934     40.5135    0.501697
      0.0815     978.509     -0.0518      3.1934     40.7122    0.472115
       0.075     978.584     -0.0065      3.1934     40.8912     0.44565
      0.1132     978.698      0.0382      3.1934     41.0775    0.414628
       0.179     978.877      0.0658      3.1934     41.2004     0.39083
      0.2884     979.165      0.1094      3.1934     41.3005    0.352636
      0.4414     979.606       0.153      3.1934     41.3719    0.309646
      0.5176     980.124      0.0762      3.1934     41.3788    0.347344
       0.509     980.633     -0.0086      3.1934     41.3196     0.39917
      0.4758     981.109     -0.0332      3.1934     41.3045    0.417582
      0.4258     981.535       -0.05      3.1934     41.3608    0.433162
      0.3701     981.905     -0.0557      3.1934     41.4504    0.442709
      0.2965     982.201     -0.0736      3.1934      41.562    0.461545
      0.1513     982.352     -0.1452      3.1934     41.6875    0.520477
      0.0248     982.377     -0.1265      3.1934     41.8357    0.523172
      0.0754     982.453      0.0506      3.1934     42.0875    0.411346
      0.1027     982.555      0.0273      3.1934     42.3199    0.422323
      0.0691     982.624     -0.0336      3.1934      42.417    0.462559
       0.003     982.627     -0.0661      3.1934     42.4893     0.48933
      0.1538     982.781      0.1508      3.1934      42.651    0.342602
      0.2534     983.035      0.0996      3.1934     42.7967    0.362366
      0.3289     983.364      0.0755      3.1934      42.792    0.368521
       0.391     983.755      0.0621      3.1934     42.7831     0.36973
      0.4345     984.189      0.0435      3.1934     42.7877    0.376105
      0.4541     984.643      0.0196      3.1934     42.7939    0.388289
      0.4549     985.098      0.0008      3.1934     42.8125    0.399481
      0.4326     985.531     -0.0223      3.1934     42.8445    0.415794
      0.3266     985.857      -0.106      3.1934     42.8925    0.477674
       0.079     985.936     -0.2476      3.1934     42.9621     0.58987
      0.1254     986.062      0.0464      3.1934     43.0781    0.408366
      0.3334     986.395       0.208      3.1934     43.3406    0.288526
      0.4816     986.877      0.1482      3.1934     43.4329    0.308104
      0.4357     987.312     -0.0459      3.1934     43.3063    0.429613
      0.3165     987.629     -0.1192      3.1934     43.2237    0.486705
      0.0566     987.685     -0.2599      3.1934     43.3006    0.599714
      0.2183     987.904      0.1617      3.1934      43.455    0.328967
      0.4967       988.4      0.2784      3.1934     43.7349    0.228323
      0.6808     989.081      0.1841      3.1934      43.714    0.264652
      0.7075     989.789      0.0267      3.1934     43.5459    0.356155
       0.659     990.448     -0.0485      3.1934     43.3787     0.40661
      0.4791     990.927     -0.1799      3.1934     43.3344    0.505239
      0.2843     991.211     -0.1948      3.1934     43.3768    0.535607
      0.0744     991.286     -0.2099      3.1934     43.5352    0.567756
      0.1147       991.4      0.0403      3.1934      43.754    0.413203
      0.2729     991.673      0.1582      3.1934     44.0605    0.325061
      0.3309     992.004       0.058      3.1934      44.144    0.378801
      0.3419     992.346       0.011      3.1934     44.0991    0.405791
      0.3637      992.71      0.0218      3.1934     44.0927    0.396913
      0.2982     993.008     -0.0655      3.1934     44.1464    0.456498
      0.1833     993.191     -0.1149      3.1934     44.1782    0.498777
      0.0542     993.245     -0.1291      3.1934     44.2608    0.521498
      0.1195     993.365      0.0653      3.1934     44.4244    0.397675
      0.3214     993.686      0.2019      3.1934      44.657    0.293506
      0.4694     994.156       0.148      3.1934     44.7044    0.309566
      0.5671     994.723      0.0977      3.1934     44.5911    0.328999
      0.5888     995.312      0.0217      3.1934     44.4988    0.372212
      0.4636     995.775     -0.1252      3.1934     44.4211    0.474124
      0.2295     996.005     -0.2341      3.1934     44.4019    0.565215
      0.0062     996.011     -0.2233      3.1934     44.5083    0.583298
      0.2287      996.24      0.2225      3.1934       44.73    0.291343
       0.399     996.639      0.1703      3.1934     44.9986     0.30393
      0.4893     997.128      0.0903      3.1934     44.9219    0.341997
      0.4846     997.612     -0.0047      3.1934      44.798    0.399514
      0.3722     997.985     -0.1124      3.1934     44.7221    0.476498
      0.2835     998.268     -0.0887      3.1934     44.7373    0.472035
      0.1584     998.427     -0.1251      3.1934     44.8538    0.507636
      0.0207     998.447     -0.1377      3.1934     45.0061    0.530343
      0.1832      998.63      0.1625      3.1934     45.1751    0.332348
      0.3281     998.959      0.1449      3.1934     45.3721    0.326969
      0.4191     999.378       0.091      3.1934     45.3512    0.349299
      0.4852     999.863      0.0661      3.1934     45.2477    0.356968
      0.4799     1000.34     -0.0053      3.1934     45.1897    0.400391
      0.3263     1000.67     -0.1536      3.1934     45.1406    0.506267
      0.0969     1000.77     -0.2294      3.1934     45.1538    0.576981
      0.1889     1000.95       0.092      3.1934     45.3193    0.374021
      0.4038     1001.36      0.2149      3.1934     45.5551    0.276642
      0.5281     1001.89      0.1243      3.1934     45.5584    0.317329
      0.5862     1002.47      0.0581      3.1934     45.4069    0.350658
      0.5232        1003      -0.063      3.1934     45.2776    0.430248
      0.3642     1003.36      -0.159      3.1934     45.2198    0.505338
      0.1301     1003.49     -0.2341      3.1934     45.2665    0.576149
      0.0913     1003.58     -0.0388      3.1934     45.4147    0.463237
      0.1853     1003.77       0.094      3.1934     45.6978    0.373217
      0.2208     1003.99      0.0355      3.1934     45.8222    0.404412
      0.2061     1004.19     -0.0147      3.1934     45.8206    0.436149
      0.1619     1004.36     -0.0442      3.1934     45.8305    0.458711
      0.0684     1004.42     -0.0935      3.1934     45.8992    0.498576
      0.0251     1004.45     -0.0433      3.1934     45.9902    0.473219
      0.1117     1004.56      0.0866      3.1934     46.1298    0.385753
      0.2102     1004.77      0.0985      3.1934     46.2299    0.367778
      0.3353     1005.11      0.1251      3.1934     46.2347    0.338057
      0.3836     1005.49      0.0483      3.1934     46.2037    0.378824
      0.3742     1005.86     -0.0094      3.1934     46.1067    0.414478
      0.2891     1006.15     -0.0851      3.1934      46.076    0.469259
      0.1427      1006.3     -0.1464      3.1934     46.1002    0.522143
      0.0131     1006.31     -0.1296      3.1934     46.1784    0.526319
      0.1066     1006.42      0.0935      3.1934     46.3462    0.382174
      0.0988     1006.51     -0.0078      3.1934     46.5919    0.443812
      0.0632     1006.58     -0.0356      3.1934     46.6069    0.464408
      0.0096     1006.59     -0.0536      3.1934     46.6571    0.481104
      0.0373     1006.62      0.0277      3.1934     46.7306    0.429277
      0.0893     1006.71       0.052      3.1934     46.8631    0.408977
      0.1093     1006.82        0.02      3.1934     46.9183    0.425977
      0.0924     1006.92     -0.0169      3.1934     46.9371    0.449976
      0.0503     1006.97     -0.0421      3.1934     46.9644    0.469727
      0.0404     1007.01     -0.0099      3.1934     47.0312    0.451496
      0.0947      1007.1      0.0543      3.1934     47.1431    0.407003
      0.2434     1007.34      0.1487      3.1934     47.2199    0.334006
      0.3478     1007.69      0.1044      3.1934      47.233    0.349102
      0.4256     1008.12      0.0778      3.1934      47.132    0.356504
      0.4264     1008.54      0.0008      3.1934     47.0303    0.402616
      0.3918     1008.94     -0.0346      3.1934     46.9599    0.427662
      0.3866     1009.32     -0.0052      3.1934     46.9528    0.410594
      0.3203     1009.64     -0.0663      3.1934     46.9875    0.454547
      0.1476     1009.79     -0.1727      3.1934     47.0097    0.537384
      0.0353     1009.83     -0.1123      3.1934     47.0772    0.513497
      0.1878     1010.01      0.1525      3.1934     47.2148    0.337842
      0.0567     1010.07     -0.1311      3.1934     47.3747    0.522423
      0.0939     1010.16      0.0372      3.1934     47.3213    0.417351
      0.2503     1010.41      0.1564      3.1934     47.4187    0.328627
       0.368     1010.78      0.1177      3.1934     47.4437      0.3389
      0.4186      1011.2      0.0506      3.1934     47.3398    0.373594
      0.3841     1011.59     -0.0345      3.1934     47.2355    0.428449
      0.2881     1011.87      -0.096      3.1934     47.1911    0.475909
       0.067     1011.94     -0.2211      3.1934     47.2236     0.57529
      0.1815     1012.12      0.1145      3.1934     47.3182    0.361335
       0.323     1012.44      0.1415      3.1934     47.5276     0.32957
      0.2625     1012.71     -0.0605      3.1934       47.49    0.457425
      0.1781     1012.89     -0.0844      3.1934     47.4068    0.481049
       0.031     1012.92     -0.1471      3.1934      47.452     0.53485
      0.2789      1013.2      0.2479      3.1934     47.5491    0.270581
       0.738     1013.93      0.4591      3.1934     47.7069     0.09336
      1.1596     1015.09      0.4216      3.1934     47.4687    0.069484
      1.3395     1016.43      0.1799      3.1934     46.9342    0.194715
      1.2881     1017.72     -0.0514      3.1934     46.3647    0.339149
      1.0885     1018.81     -0.1996      3.1934     46.0884    0.450025
      1.0463     1019.86     -0.0422      3.1934     45.9873    0.360227
      0.9053     1020.76      -0.141      3.1934     46.0461    0.435017
      0.6078     1021.37     -0.2975      3.1934      46.004    0.561642
      0.2944     1021.66     -0.3134      3.1934     46.0469    0.605656
      0.1951     1021.86     -0.0993      3.1934     46.2485    0.488119
      0.1128     1021.97     -0.0823      3.1934     46.5304    0.486972
      0.0443     1022.02     -0.0685      3.1934     46.6881    0.486227
      0.0228     1022.04     -0.0215      3.1934     46.8158    0.460392
      0.0932     1022.13      0.0704      3.1934     46.9417    0.397508
       0.161     1022.29      0.0678      3.1934     47.0358     0.39161
      0.1174     1022.41     -0.0436      3.1934     47.0489    0.463246
      0.8491     1023.26      0.7317      3.1934      47.033   -0.082421
      1.2668     1024.53      0.4177      3.1934     47.0118    0.060032
      1.5716      1026.1      0.3048      3.1934     44.7693    0.094244
      1.7944     1027.89      0.2228      3.1934     42.4871    0.118936
      1.8863     1029.78      0.0919      3.1934     42.0369    0.187367
      1.8602     1031.64     -0.0261      3.1934     41.7182    0.261038
      1.6344     1033.27     -0.2258      3.1934     41.4584    0.405696
      1.2237      1034.5     -0.4107      3.1934     41.3174    0.561813
      1.0067      1035.5      -0.217      3.1934     41.3734    0.469463
       0.887     1036.39     -0.1197      3.1934     41.5739     0.42425
      0.6983     1037.09     -0.1887      3.1934     41.7599    0.486407
      0.4554     1037.54     -0.2429      3.1934      41.858    0.545646
      0.2145     1037.76     -0.2409      3.1934     42.0005    0.570945
      0.1035     1037.86      -0.111      3.1934     42.2587    0.505215
      0.4369      1038.3      0.3334      3.1934     42.5577    0.201901
      0.6394     1038.94      0.2025      3.1934     42.7699    0.258166
      0.4613      1039.4     -0.1781      3.1934      42.593    0.506117
      0.2367     1039.64     -0.2246      3.1934     42.4284    0.558723
