#    p_error     i_error     d_error   max_error       speed     control
           0           0           0           0           0           0
           0           0           0           0           0           0
      0.7598      0.7598      0.7598      0.7598       0.438   -0.089458
      0.7598      1.5196           0      0.7598       0.438    0.366422
      0.7598      2.2794           0      0.7598        2.19    0.366422
      0.7598      3.0392           0      0.7598       4.818    0.366422
      0.7599      3.7991      0.0001      0.7599      6.7858    0.366351
      0.7596      4.5587     -0.0003      0.7599      1.6239    0.366624
      0.7591      5.3178     -0.0005      0.7599      0.8156    0.366799
      0.7584      6.0762     -0.0007      0.7599      0.7387    0.366996
      0.7578       6.834     -0.0006      0.7599      0.8045    0.367002
      0.7571      7.5911     -0.0007      0.7599      0.9301    0.367139
      0.7562      8.3473     -0.0009      0.7599      1.0706    0.367358
      0.7545      9.1018     -0.0017      0.7599      1.3537    0.368025
      0.7521      9.8539     -0.0024      0.7599      1.7269    0.368709
      0.7504     10.6043     -0.0017      0.7599      1.8985    0.368476
      0.7473     11.3516     -0.0031      0.7599      2.2901    0.369657
      0.7442     12.0958     -0.0031      0.7599      2.6236    0.369998
      0.7389     12.8347     -0.0053      0.7599      3.1422    0.371901
      0.7331     13.5678     -0.0058      0.7599      3.6447    0.372839
      0.7261     14.2939      -0.007      0.7599      4.1396    0.374329
      0.7177     15.0116     -0.0084      0.7599       4.629    0.376093
      0.7076     15.7192     -0.0101      0.7599      5.1152    0.378224
      0.6937     16.4129     -0.0139      0.7599      5.6782    0.382033
       0.682     17.0949     -0.0117      0.7599      6.0779       0.382
      0.6632     17.7581     -0.0188      0.7599      6.6372    0.388328
      0.6443     18.4024     -0.0189      0.7599      7.1102    0.390467
      0.6245     19.0269     -0.0198      0.7599      7.5862    0.393185
      0.6181      19.645     -0.0064      0.7599      7.9812    0.385849
      0.6017     20.2467     -0.0164      0.7599      8.4537    0.393653
      0.5908     20.8375     -0.0109      0.7599      8.9101    0.391552
      0.5802     21.4177     -0.0106      0.7599      9.5242    0.392538
      0.5713      21.989     -0.0089      0.7599      9.9007    0.392497
      0.5571     22.5461     -0.0142      0.7599     10.3486    0.397239
      0.5385     23.0846     -0.0186      0.7599      10.791    0.401925
      0.5154        23.6     -0.0231      0.7599     11.2345    0.407166
      0.4876     24.0876     -0.0278      0.7599     11.8346    0.413044
       0.461     24.5486     -0.0266      0.7599     11.9789     0.41525
      0.4307     24.9793     -0.0303      0.7599     12.5472    0.420803
      0.3966     25.3759     -0.0341      0.7599     12.5565    0.426834
      0.3583     25.7342     -0.0383      0.7599     13.3173    0.433567
       0.316     26.0502     -0.0423      0.7599     13.4511     0.44062
      0.2791     26.3293     -0.0369      0.7599     13.6743    0.441439
      0.2289     26.5582     -0.0502      0.7599     14.2442    0.454941
      0.1628      26.721     -0.0661      0.7599     14.7767    0.471752
      0.1031     26.8241     -0.0597      0.7599      14.913    0.474479
      0.0132     26.8373     -0.0899      0.7599     15.7754    0.502488
      0.0698     26.9071      0.0566      0.7599     16.2234    0.408362
      0.1567     27.0638      0.0869      0.7599     16.7202    0.380623
      0.2616     27.3254      0.1049      0.7599     17.0711    0.358284
      0.3385     27.6639      0.0769      0.7599       17.46    0.366625
      0.4454     28.1093      0.1069      0.7599     17.7435    0.336866
      0.5374     28.6467       0.092      0.7599     18.0886    0.335686
      0.6129     29.2596      0.0755      0.7599     18.3369    0.337281
      0.7004       29.96      0.0875      0.7599     18.5879    0.320456
      0.7993     30.7593      0.0989      0.7993     18.8907    0.302737
      0.8798     31.6391      0.0805      0.8798     19.1258    0.304922
      0.9622     32.6013      0.0824      0.9622     19.3624    0.294718
      0.9979     33.5992      0.0357      0.9979      19.536    0.318811
      1.0099     34.6091       0.012      1.0099     19.7246    0.331711
      1.0069      35.616      -0.003      1.0099     19.9754    0.341041
      0.9994     36.6154     -0.0075      1.0099     20.2113    0.344566
      0.9884     37.6038      -0.011      1.0099     20.4578    0.347876
      0.9742      38.578     -0.0142      1.0099     20.7067    0.351358
      0.9598     39.5378     -0.0144      1.0099     20.9182    0.353062
      0.9429     40.4807     -0.0169      1.0099     21.1267    0.356421
      0.9146     41.3953     -0.0283      1.0099     21.4257    0.366374
      0.8805     42.2758     -0.0341      1.0099     21.7175    0.373605
       0.853     43.1288     -0.0275      1.0099     21.9446     0.37267
      0.8173     43.9461     -0.0357      1.0099     22.2207    0.381517
       0.771     44.7171     -0.0463      1.0099      22.518     0.39297
      0.7274     45.4445     -0.0436      1.0099     22.7926    0.396146
      0.6813     46.1258     -0.0461      1.0099     23.0846    0.402717
      0.6248     46.7506     -0.0565      1.0099     23.4341    0.415172
      0.5741     47.3247     -0.0507      1.0099     23.7275    0.417269
      0.5138     47.8385     -0.0603      1.0099     24.0814    0.429662
       0.467     48.3055     -0.0468      1.0099     24.3417     0.42671
      0.3605      48.666     -0.1065      1.0099     24.7149    0.474245
      0.2445     48.9105      -0.116      1.0099     25.0301    0.492705
      0.1327     49.0432     -0.1118      1.0099      25.402    0.502483
      0.0151     49.0583     -0.1176      1.0099      25.864    0.518899
      0.0721     49.1304       0.057      1.0099      26.272    0.407869
      0.1434     49.2738      0.0713      1.0099      26.697    0.391446
      0.1983     49.4721      0.0549      1.0099     26.9753    0.395247
      0.2321     49.7042      0.0338      1.0099     27.1758    0.404189
      0.2625     49.9667      0.0304      1.0099     27.4528    0.402885
      0.2745     50.2412       0.012      1.0099     27.6996    0.412605
      0.2747     50.5159      0.0002      1.0099     27.9427    0.419663
      0.2645     50.7804     -0.0102      1.0099     28.1954    0.427025
      0.2422     51.0226     -0.0223      1.0099     28.4986    0.436738
      0.2391     51.2617     -0.0031      1.0099     28.7655    0.425559
      0.2805     51.5422      0.0414      1.0099     29.0427    0.394305
      0.3239     51.8661      0.0434      1.0099     29.3036    0.388331
      0.3579      52.224       0.034      1.0099     29.5176    0.390231
      0.3777     52.6017      0.0198      1.0099     29.7168    0.396573
      0.3818     52.9835      0.0041      1.0099     29.9155    0.405542
      0.3701     53.3536     -0.0117      1.0099     30.1207    0.416309
      0.3438     53.6974     -0.0263      1.0099     30.3361    0.427962
      0.2973     53.9947     -0.0465      1.0099     30.6022    0.445197
      0.2465     54.2412     -0.0508      1.0099     30.8437    0.453365
      0.1893     54.4305     -0.0572      1.0099     31.1059    0.463497
      0.1291     54.5596     -0.0602      1.0099     31.3783    0.471919
      0.0694      54.629     -0.0597      1.0099     31.6615    0.478186
      0.0536     54.6826     -0.0158      1.0099     31.9537    0.453584
      0.0804      54.763      0.0268      1.0099     32.2517    0.425076
      0.1159     54.8789      0.0355      1.0099      32.559    0.415951
      0.1417     55.0206      0.0258      1.0099     32.7776    0.418933
      0.1576     55.1782      0.0159      1.0099     33.0097    0.423124
      0.1559     55.3341     -0.0017      1.0099     33.2091    0.433871
      0.1351     55.4692     -0.0208      1.0099      33.446    0.447619
      0.1083     55.5775     -0.0268      1.0099     33.6248    0.454167
      0.0582     55.6357     -0.0501      1.0099     33.8955    0.473658
      0.0064     55.6421     -0.0518      1.0099     34.1348    0.480376
      0.0586     55.7007      0.0522      1.0099     34.4406    0.412234
      0.1356     55.8363       0.077      1.0099     34.8453    0.388884
      0.0993     55.9356     -0.0363      1.0099     34.9984    0.460857
       0.009     55.9446     -0.0903      1.0099     35.1124     0.50319
      0.1022     56.0468      0.0932      1.0099     35.3307    0.382838
      0.2152      56.262       0.113      1.0099     35.6579    0.358528
      0.2832     56.5452       0.068      1.0099     35.7915    0.378048
       0.314     56.8592      0.0308      1.0099     35.8699     0.39698
      0.3047     57.1639     -0.0093      1.0099     35.9711    0.422063
      0.2585     57.4224     -0.0462      1.0099     36.0998    0.449285
      0.1815     57.6039      -0.077      1.0099     36.2621    0.476235
      0.0834     57.6873     -0.0981      1.0099     36.4609    0.499686
      0.0162     57.7035     -0.0672      1.0099     36.6955    0.488538
        0.03     57.7335      0.0138      1.0099      36.961     0.43842
      0.0718     57.8053      0.0418      1.0099     37.2154    0.417022
      0.1091     57.9144      0.0373      1.0099     37.4024    0.415619
      0.1419     58.0563      0.0328      1.0099     37.5502    0.414711
      0.1655     58.2218      0.0236      1.0099     37.6668    0.417635
      0.1926     58.4144      0.0271      1.0099     37.8263    0.412554
       0.211     58.6254      0.0184      1.0099     37.9647     0.41575
      0.1897     58.8151     -0.0213      1.0099     38.1171    0.441913
      0.0389      58.854     -0.1508      1.0099      38.249    0.536201
      0.1148     58.9688      0.0759      1.0099     38.4117    0.391832
      0.2486     59.2174      0.1338      1.0099     38.6799    0.342374
      0.3399     59.5573      0.0913      1.0099     38.7912    0.357831
      0.3777      59.935      0.0378      1.0099     38.8158    0.385773
      0.3563     60.2913     -0.0214      1.0099     38.8446    0.423647
      0.2814     60.5727     -0.0749      1.0099     38.9195    0.463986
      0.1629     60.7356     -0.1185      1.0099     39.0465    0.503181
      0.0109     60.7465      -0.152      1.0099     39.2599    0.540001
      0.1721     60.9186      0.1612      1.0099     39.4939    0.334349
      0.2994      61.218      0.1273      1.0099     39.7256    0.340686
      0.3996     61.6176      0.1002      1.0099      39.759    0.345924
      0.2621     61.8797     -0.1375      1.0099     39.7594    0.503669
      0.0466     61.9263     -0.2155      1.0099     39.7704    0.574174
      0.1869     62.1132      0.1403      1.0099     39.9938    0.345261
      0.3306     62.4438      0.1437      1.0099      40.238    0.327414
      0.4468     62.8906      0.1162      1.0099     40.2687    0.331132
      0.4908     63.3814       0.044      1.0099     40.2464    0.369612
      0.5584     63.9398      0.0676      1.0099     40.2264    0.348016
      0.5865     64.5263      0.0281      1.0099     40.2587    0.368625
      0.4161     64.9424     -0.1704      1.0099     40.3015    0.506469
      0.2376       65.18     -0.1785      1.0099      40.337    0.530964
      0.0223     65.2023     -0.2153      1.0099     40.5346    0.576727
       0.032     65.2343      0.0097      1.0099     40.7928     0.44066
      0.0348     65.2691      0.0028      1.0099     41.1055    0.444492
      0.1236     65.3927      0.0888      1.0099     41.2667    0.383124
      0.2106     65.6033       0.087      1.0099     41.3893    0.374634
      0.2726     65.8759       0.062      1.0099     41.4382    0.382814
      0.2948     66.1707      0.0222      1.0099     41.4656    0.404252
      0.2598     66.4305      -0.035      1.0099     41.5109    0.442422
      0.1762     66.6067     -0.0836      1.0099     41.5797    0.480778
      0.0739     66.6806     -0.1023      1.0099     41.6787    0.503251
       0.075     66.7556      0.0011      1.0099     41.8522     0.44109
      0.2381     66.9937      0.1631      1.0099      42.059    0.325949
       0.244     67.2377      0.0059      1.0099     42.1894     0.41962
      0.1289     67.3666     -0.1151      1.0099     42.1628    0.504881
      0.0046     67.3712     -0.1243      1.0099     42.2267    0.524074
      0.1098      67.481      0.1052      1.0099     42.3687    0.374802
      0.2408     67.7218       0.131      1.0099     42.6243    0.344912
      0.5873     68.3091      0.3465      1.0099     42.6709    0.177497
      0.8909        69.2      0.3036      1.0099     42.6414    0.169841
      1.0851     70.2851      0.1942      1.0851     42.3284    0.214119
      1.1312     71.4163      0.0461      1.1312     42.0598    0.297908
      1.0429     72.4592     -0.0883      1.1312     41.8273    0.388261
       0.813     73.2722     -0.2299      1.1312     41.7298     0.49851
      0.7483     74.0205     -0.0647      1.1312     41.7622    0.406507
      0.7373     74.7578      -0.011      1.1312     41.9712    0.375497
      0.6941     75.4519     -0.0432      1.1312     42.0463    0.399569
      0.5928     76.0447     -0.1013      1.1312     42.0682    0.445572
      0.5127     76.5574     -0.0801      1.1312     42.1194    0.441663
      0.5884     77.1458      0.0757      1.1312     42.2353    0.339856
      0.6257     77.7715      0.0373      1.1312     42.3546    0.358793
      0.6066     78.3781     -0.0191      1.1312     42.3237    0.394734
      0.5129      78.891     -0.0937      1.1312     42.3075    0.449801
      0.3785     79.2695     -0.1344      1.1312     42.3398    0.489005
       0.119     79.3885     -0.2595      1.1312     42.4796     0.59261
      0.0808     79.4693     -0.0382      1.1312     42.6556    0.464032
      0.3782     79.8475      0.2974      1.1312     42.9518    0.229958
      0.6212     80.4687       0.243      1.1312     43.0943    0.235868
      0.8456     81.3143      0.2244      1.1312     42.8324    0.222344
       0.944     82.2583      0.0984      1.1312     42.5899     0.28712
        0.98     83.2383       0.036      1.1312     42.3508      0.3206
      1.0226     84.2609      0.0426      1.1312     42.2238    0.311954
      0.9226     85.1835        -0.1      1.1312     42.1594    0.408514
      0.6877     85.8712     -0.2349      1.1312     42.0847    0.515293
      0.5358      86.407     -0.1519      1.1312     42.1392    0.482202
      0.5935     87.0005      0.0577      1.1312      42.302    0.350095
      0.6094     87.6099      0.0159      1.1312     42.5151    0.373426
      0.5471      88.157     -0.0623      1.1312     42.4914    0.427199
      0.4258     88.5828     -0.1213      1.1312     42.4877    0.475942
      0.1582      88.741     -0.2676      1.1312     42.5844    0.593158
      0.0928     88.8338     -0.0654      1.1312     42.7114    0.479032
      0.2857     89.1195      0.1929      1.1312     43.0623    0.302833
      0.1648     89.2843     -0.1209      1.1312     43.2478    0.504412
      0.0585     89.3428     -0.1063      1.1312     43.2102    0.507345
      0.0422      89.385     -0.0163      1.1312     43.3091    0.455138
      0.0744     89.4594      0.0322      1.1312     43.4841    0.422496
      0.0188     89.4782     -0.0556      1.1312     43.6026    0.481292
      0.0325     89.5107      0.0137      1.1312     43.6814    0.438205
       0.079     89.5897      0.0465      1.1312     43.8544     0.41341
      0.1729     89.7626      0.0939      1.1312     43.9431    0.374641
      0.3766     90.1392      0.2037      1.1312     44.0137    0.286354
      0.3314     90.4706     -0.0452      1.1312     44.0235    0.440666
      0.2813     90.7519     -0.0501      1.1312     43.9116    0.449117
      0.2641      91.016     -0.0172      1.1312     43.9515    0.431269
      0.2933     91.3093      0.0292      1.1312     44.0293    0.400217
      0.3856     91.6949      0.0923      1.1312     44.1108    0.352204
      0.5999     92.2948      0.2143      1.1312     44.1654    0.255431
      0.7771     93.0719      0.1772      1.1312     44.1488    0.258199
      0.9832     94.0551      0.2061      1.1312     43.9569    0.218188
      0.9686     95.0237     -0.0146      1.1312     43.7844    0.352214
      0.9238     95.9475     -0.0448      1.1312     43.5624    0.375262
      0.8556     96.8031     -0.0682      1.1312     43.4967    0.396804
      0.7989      97.602     -0.0567      1.1312     43.4928    0.396141
      0.7387     98.3407     -0.0602      1.1312     43.5267    0.404863
      0.5489     98.8896     -0.1898      1.1312     43.5735    0.503501
      0.4005     99.2901     -0.1484      1.1312     43.6108    0.494985
      0.2771     99.5672     -0.1234      1.1312     43.7546    0.493559
      0.2345     99.8017     -0.0426      1.1312     43.9235    0.449765
      0.2972     100.099      0.0627      1.1312     44.1181    0.379688
      0.4451     100.544      0.1479      1.1312     44.2368    0.312299
      0.6199     101.164      0.1748      1.1312     44.2582    0.276931
      0.9441     102.108      0.3242      1.1312     44.1427    0.151629
      1.1974     103.305      0.2533      1.1974     43.9753    0.166306
      1.2223     104.528      0.0249      1.2223     43.5834    0.300607
      1.1785     105.706     -0.0438      1.2223     43.3716    0.346645
      1.0285     106.735       -0.15      1.2223     43.2251    0.426865
      0.8498     107.585     -0.1787      1.2223     43.1834    0.463742
      0.6249     108.209     -0.2249      1.2223     43.2526    0.516201
      0.4789     108.688      -0.146      1.2223     43.3501    0.484921
      0.3471     109.035     -0.1318      1.2223     43.5332    0.490899
       0.277     109.312     -0.0701      1.2223     43.7034     0.46159
      0.2796     109.592      0.0026      1.2223     43.8994    0.417684
      0.3372     109.929      0.0576      1.2223     44.0133    0.378348
      0.4788     110.408      0.1416      1.2223     44.0974    0.312372
      0.6363     111.044      0.1575      1.2223       44.11    0.285507
      0.8252      111.87      0.1889      1.2223     44.0254    0.245888
        0.68      112.55     -0.1452      1.2223     43.8721     0.46232
      0.5077     113.057     -0.1723      1.2223     43.7084    0.497533
      0.2109     113.268     -0.2968      1.2223     43.7928    0.604881
      0.0368     113.305     -0.1741      1.2223     43.9227    0.550412
      0.1194     113.424      0.0826      1.2223     44.1871    0.387306
      0.1945     113.619      0.0751      1.2223      44.443    0.383545
      0.1719     113.791     -0.0226      1.2223     44.4895    0.444651
      0.0582     113.849     -0.1137      1.2223     44.4967    0.511818
       0.161      114.01      0.1028      1.2223      44.593     0.37061
      0.3928     114.403      0.2318      1.2223     44.7629    0.267712
      0.6933     115.096      0.3005      1.2223     44.7521    0.193437
      0.8663     115.962       0.173      1.2223      44.596    0.250907
      0.9552     116.918      0.0889      1.2223     44.3087    0.291588
      0.9423      117.86     -0.0129      1.2223     44.1052    0.354087
      0.8081     118.668     -0.1342      1.2223     43.9521    0.441629
      0.6466     119.315     -0.1615      1.2223     43.9122    0.475774
      0.3701     119.685     -0.2765      1.2223     43.9957    0.575189
      0.1203     119.805     -0.2498      1.2223     44.1252    0.586647
      0.0685     119.873     -0.0518      1.2223     44.3172    0.473545
      0.1904     120.064      0.1219      1.2223     44.5033    0.355916
      0.3139     120.378      0.1235      1.2223     44.6592    0.341371
       0.362      120.74      0.0481      1.2223     44.6501     0.38132
      0.3324     121.072     -0.0296      1.2223     44.5926    0.431196
       0.229     121.301     -0.1034      1.2223     44.5847     0.48685
      0.0685      121.37     -0.1605      1.2223     44.6467    0.538765
      0.1579     121.528      0.0894      1.2223     44.8082    0.378991
      0.3537     121.881      0.1958      1.2223     45.0138    0.293613
      0.5362     122.417      0.1825      1.2223     45.0231    0.281518
      0.6136     123.031      0.0774      1.2223     44.9259    0.336064
      0.6335     123.665      0.0199      1.2223     44.7713    0.368375
      0.5563     124.221     -0.0772      1.2223     44.6801    0.435127
      0.4165     124.637     -0.1398      1.2223     44.6535    0.488065
      0.2633     124.901     -0.1532      1.2223     44.7003    0.512957
      0.0292      124.93     -0.2341      1.2223     44.8586    0.587248
      0.1622     125.092       0.133      1.2223      45.034    0.352358
      0.3686     125.461      0.2064      1.2223     45.3353    0.285614
      0.8616     126.322       0.493      1.2223     45.3343    0.059424
      0.4508     126.773     -0.4108      1.2223     45.1907    0.646892
      0.3573      127.13     -0.0935      1.2223     44.6339    0.466797
      0.1699       127.3     -0.1874      1.2223     44.7186    0.543751
      0.0308     127.331     -0.1391      1.2223     44.8814    0.530072
      0.2315     127.562      0.2007      1.2223     45.0857    0.304115
      0.3994     127.962      0.1679      1.2223     45.2891    0.305326
      0.5295     128.491      0.1301      1.2223     45.1725    0.313695
      0.5484      129.04      0.0189      1.2223     44.9727    0.378336
      0.4847     129.524     -0.0637      1.2223     44.8352    0.434903
      0.3389     129.863     -0.1458      1.2223     44.9157    0.500201
      0.1406     130.004     -0.1983      1.2223     44.9604    0.553514
      0.2066     130.211       0.066      1.2223     45.1172    0.387674
      0.6237     130.834      0.4171      1.2223     45.3356    0.131133
      1.0222     131.857      0.3985      1.2223      45.314    0.098458
      1.1994     133.056      0.1772      1.2223     45.0068    0.211746
        1.25     134.306      0.0506        1.25     44.5397     0.28214
       1.155     135.461      -0.095        1.25     44.3108     0.37995
      0.8471     136.308     -0.3079        1.25     44.1433    0.541559
      0.6154     136.923     -0.2317        1.25     44.1303    0.521326
      0.3874     137.311      -0.228        1.25     44.3378    0.544186
      0.1934     137.504      -0.194        1.25     44.5443    0.545126
      0.0494     137.554      -0.144        1.25     44.7338    0.530966
      0.0876     137.641      0.0382        1.25     44.9687    0.417444
      0.1897     137.831      0.1021        1.25     45.2219    0.367873
      0.2236     138.055      0.0339        1.25     45.2958    0.405064
       0.003     138.058     -0.2206        1.25     45.2822     0.58203
      0.4334     138.491      0.4304        1.25     45.3066    0.144086
      0.8082     139.299      0.3748        1.25     45.5063    0.136218
       1.371      140.67      0.5628       1.371     45.1353    -0.03849
      2.0221     142.692      0.6511      2.0221     44.7093   -0.163091
      2.4528     145.145      0.4307      2.4528     42.1059   -0.078228
      2.5986     147.744      0.1458      2.5986     39.8869    0.076674
      2.5545     150.298     -0.0441      2.5986      37.907    0.195465
      2.4174     152.715     -0.1371      2.5986     36.1668    0.266346
      2.4272     155.143      0.0098      2.5986     36.0369    0.177128
      2.4121     157.555     -0.0151      2.5986     35.9771    0.193729
      2.2453       159.8     -0.1668      2.5986     35.7535    0.303097
      2.0863     161.886      -0.159      2.5986     35.6068    0.315907
      2.3895     164.276      0.3032      2.5986     35.5929    0.005235
      2.7136     166.989      0.3241      2.7136     35.6154   -0.042956
      2.8121     169.802      0.0985      2.8121     35.1543    0.081569
      2.7461     172.548      -0.066      2.8121     31.8687    0.187529
      2.5001     175.048      -0.246      2.8121     31.2513    0.322589
      2.4568     177.505     -0.0433      2.8121     31.1339    0.205732
      2.4186     179.923     -0.0382      2.8121     31.2089    0.206874
      2.2905     182.214     -0.1281      2.8121     31.1151    0.274905
      2.0054     184.219     -0.2851      2.8121      30.996    0.400466
      1.7196     185.939     -0.2858      2.8121     31.0017    0.432324
      1.4591     187.398     -0.2605      2.8121     31.2566    0.445799
       1.351     188.749     -0.1081      2.8121      31.457     0.36625
      1.1401     189.889     -0.2109      2.8121     31.7599    0.451129
      0.8932     190.782     -0.2469      2.8121     31.8926    0.499888
      0.5836     191.366     -0.3096      2.8121     32.1405    0.571564
      0.2227     191.588     -0.3609      2.8121     32.4618    0.642043
      0.0048     191.593     -0.2179      2.8121     32.8781    0.580212
      0.0608     191.654       0.056      2.8121     33.5604    0.409712
       0.108     191.762      0.0472      2.8121      33.926      0.4098
      0.2219     191.984      0.1139      2.8121     34.1353    0.357251
      0.3815     192.365      0.1596      2.8121     34.2964    0.312275
      0.6365     193.002       0.255      2.8121     34.4175    0.226985
      0.8096     193.811      0.1731      2.8121     34.4516    0.257084
      1.0311     194.843      0.2215      2.8121     34.3701    0.203679
      1.3124     196.155      0.2813      2.8121     34.3026    0.136856
      1.5653      197.72      0.2529      2.8121     34.1822    0.126077
      1.7702      199.49      0.2049      2.8121     34.0019    0.132338
      2.0563     201.547      0.2861      2.8121     33.6824    0.052147
      2.0588     203.606      0.0025      2.8121      33.493    0.222032
      1.9875     205.593     -0.0713      2.8121     33.1582    0.274155
      1.8924     207.486     -0.0951      2.8121     33.0297    0.298896
      1.7884     209.274      -0.104      2.8121     32.9976    0.315676
      1.7205     210.994     -0.0679      2.8121     33.0131    0.301485
      1.6816     212.676     -0.0389      2.8121     33.0562    0.288364
       1.673     214.349     -0.0086      2.8121     33.0829     0.27113
       1.693     216.042        0.02      2.8121     33.0974     0.25177
      1.7343     217.776      0.0413      2.8121     33.0855    0.234447
        1.79     219.566      0.0557      2.8121     33.0459     0.21968
      1.8513     221.418      0.0613      2.8121     32.9804    0.209577
      1.9004     223.318      0.0491      2.8121     32.9082    0.211496
      1.9502     225.268      0.0498      2.8121     32.8062    0.205598
      1.9893     227.257      0.0391      2.8121     32.6908    0.207717
      2.0022      229.26      0.0129      2.8121     32.5686    0.222018
      1.9887     231.248     -0.0135      2.8121     32.4676    0.239343
      1.9597     233.208      -0.029      2.8121     32.4003    0.251833
      1.8947     235.103      -0.065      2.8121     32.3378    0.280583
       1.816     236.919     -0.0787      2.8121     32.3038     0.29746
      1.7119     238.631     -0.1041      2.8121     32.3092    0.324151
      1.6163     240.247     -0.0956      2.8121     32.3353    0.329567
      1.4966     241.744     -0.1197      2.8121     32.4036    0.357194
      1.3948     243.138     -0.1018      2.8121     32.4694    0.357652
      1.2544     244.393     -0.1404      2.8121     32.6017    0.396256
      1.1576      245.55     -0.0968      2.8121     32.6996    0.380744
      1.0329     246.583     -0.1247      2.8121     32.8904    0.411201
      0.9366      247.52     -0.0963      2.8121     33.0401    0.404754
      0.8641     248.384     -0.0725      2.8121     33.1913    0.398449
      0.7751     249.159      -0.089      2.8121     33.3996    0.418139
      0.7074     249.867     -0.0677      2.8121     33.5668    0.412806
      0.6473     250.514     -0.0601      2.8121     33.7554    0.414857
      0.6027     251.117     -0.0446      2.8121     33.9085    0.410463
      0.5461     251.663     -0.0566      2.8121     34.1219    0.423889
      0.5816     252.244      0.0355      2.8121     34.2971    0.364724
      0.8117     253.056      0.2301      2.8121     34.4863    0.222653
      1.0361     254.092      0.2244      2.8121     34.5972    0.201389
      1.1934     255.285      0.1573      2.8121     34.5006    0.224346
      1.3177     256.603      0.1243      2.8121     34.3426    0.230473
      1.4294     258.033      0.1117      2.8121     34.2313    0.225746
      1.7328     259.765      0.3034      2.8121     34.1512    0.077352
      2.0774     261.843      0.3446      2.8121     34.0355    0.014726
      2.2687     264.111      0.1913      2.8121     33.6913    0.085663
      2.3394     266.451      0.0707      2.8121     33.2421    0.150246
       2.292     268.743     -0.0474      2.8121     32.9846     0.22632
      2.1259     270.869     -0.1661      2.8121     32.7906    0.315811
      1.9818     272.851     -0.1441      2.8121     32.7109    0.318462
      2.2128     275.063       0.231      2.8121     32.7536    0.067992
      2.4111     277.474      0.1983      2.8121     32.8125    0.065799
      2.5091     279.984       0.098      2.8121     32.5006    0.115199
      2.4981     282.482      -0.011      2.8121     32.0728    0.181809
      2.7032     285.185      0.2051      2.8121     31.8224    0.029588
      3.0176     288.202      0.3144      3.0176     31.6822   -0.070576
      3.2005     291.403      0.1829      3.2005     31.2832   -0.011795
      3.2274      294.63      0.0269      3.2274      29.492    0.078846
      3.1726     297.803     -0.0548      3.2274     28.0483    0.133894
      3.0327     300.836     -0.1399      3.2274     26.7211    0.200343
      2.9768     303.812     -0.0559      3.2274     26.6452    0.156092
      3.0696     306.882      0.0928      3.2274     26.6138    0.056664
      3.0966     309.979       0.027      3.2274     26.5123    0.093174
      2.9958     312.974     -0.1008      3.2274     26.1893    0.180942
      2.7933     315.768     -0.2025      3.2274     25.9904    0.264237
      2.5538     318.322     -0.2395      3.2274     25.9403    0.312782
      2.1973     320.519     -0.3565      3.2274     26.0121    0.422197
      1.8509      322.37     -0.3464      3.2274     26.1254    0.454241
      1.4552     323.825     -0.3957      3.2274     26.4615    0.527348
      1.1854      325.01     -0.2698      3.2274     26.7431    0.481486
        0.83      325.84     -0.3554      3.2274     27.1717     0.57194
      0.4366     326.277     -0.3934      3.2274     27.5387    0.638014
      0.0081     326.285     -0.4285      3.2274     28.0151    0.706209
      0.4443     326.729      0.4362      3.2274     28.5834    0.139407
        0.89     327.619      0.4457      3.2274     29.3519     0.08468
      1.1703      328.79      0.2803      3.2274     29.2758    0.153087
      1.3854     330.175      0.2151      3.2274     29.0811    0.168546
      1.6269     331.802      0.2415      3.2274     28.9284    0.126141
      1.9002     333.702      0.2733      3.2274     28.7898    0.076998
      2.1777      335.88      0.2775      3.2274     28.6214    0.043953
      2.2633     338.143      0.0856      3.2274     28.3821    0.149677
      2.3618     340.505      0.0985      3.2274     28.0935    0.131102
      2.4459     342.951      0.0841      3.2274     27.9401    0.130491
      2.5239     345.475       0.078      3.2274     27.7853    0.125571
      2.5945     348.069      0.0706      3.2274     27.6287    0.122245
      2.6575     350.727       0.063      3.2274     27.4675    0.119875
      2.7116     353.438      0.0541      3.2274     27.3034    0.119264
      2.7617       356.2      0.0501      3.2274     27.1113    0.116153
      2.7919     358.992      0.0302      3.2274      26.948    0.124771
      2.8087     361.801      0.0168      3.2274     26.7836    0.130963
      2.8119     364.613      0.0032      3.2274     26.6575    0.138771
      2.8015     367.414     -0.0104      3.2274     26.5183    0.148075
      2.7682     370.182     -0.0333      3.2274     26.3925    0.165478
      2.7182       372.9       -0.05      3.2274     26.2825    0.180998
       2.655     375.555     -0.0632      3.2274     26.1987     0.19587
      2.5933     378.149     -0.0617      3.2274      26.148    0.201757
      2.5098     380.658     -0.0835      3.2274     26.1112    0.224022
      2.3992     383.058     -0.1106      3.2274     26.0801    0.252448
      2.2938     385.351     -0.1054      3.2274     26.0843    0.260922
      2.1824     387.534     -0.1114      3.2274     26.1271    0.276776
      2.0664       389.6      -0.116      3.2274     26.1845    0.292296
      1.9666     391.567     -0.0998      3.2274     26.2486    0.293554
      1.8433      393.41     -0.1233      3.2274     26.3489    0.321217
      1.7158     395.126     -0.1275      3.2274     26.4684    0.337762
      1.6509     396.777     -0.0649      3.2274     26.6061    0.307341
      1.5976     398.374     -0.0533      3.2274     26.7672    0.306244
      1.5482     399.923     -0.0494      3.2274     26.8689    0.309338
      1.4647     401.387     -0.0835      3.2274     27.0013    0.338983
      1.3929      402.78     -0.0718      3.2274     27.0983    0.339861
      1.2774     404.058     -0.1155      3.2274     27.2801    0.378786
      1.1648     405.222     -0.1126      3.2274      27.439    0.389432
       1.084     406.306     -0.0808      3.2274     27.5764     0.37924
      0.9358     407.242     -0.1482      3.2274      27.837    0.435982
      0.8007     408.043     -0.1351      3.2274     28.0464    0.442983
      0.6628     408.706     -0.1379      3.2274     28.3228    0.459832
       0.549     409.255     -0.1138      3.2274     28.5657     0.45789
      0.3936     409.648     -0.1554      3.2274     28.9294    0.499944
      0.2855     409.934     -0.1081      3.2274     29.1862    0.483455
      0.1632     410.097     -0.1223      3.2274     29.5428    0.505428
      0.0499     410.147     -0.1133      3.2274     29.8823    0.512491
       0.054     410.201      0.0041      3.2274     30.2425      0.4416
      0.1742     410.375      0.1202      3.2274     30.6111    0.358718
      0.0075     410.383     -0.1667      3.2274      30.886    0.549195
      0.1577      410.54      0.1502      3.2274     30.9889    0.342533
      0.3427     410.883       0.185      3.2274     31.4133    0.301303
      0.4899     411.373      0.1472      3.2274     31.5299    0.307791
      0.5906     411.964      0.1007      3.2274     31.5662    0.324614
      0.6338     412.597      0.0432      3.2274     31.6067    0.354362
      0.6401     413.237      0.0063      3.2274     31.6698    0.375809
      0.7239     413.961      0.0838      3.2274     31.7686    0.320091
      0.9895     414.951      0.2656      3.2274     31.9193    0.181795
      1.2142     416.165      0.2247      3.2274     31.9926    0.181618
      1.3619     417.527      0.1477      3.2274     31.8335    0.211571
      1.4131      418.94      0.0512      3.2274     31.6813    0.263839
      1.3696      420.31     -0.0435      3.2274     31.5884    0.325444
      1.2683     421.578     -0.1013      3.2274     31.5773    0.371267
      1.0844     422.662     -0.1839      3.2274     31.6551    0.441056
      0.8468     423.509     -0.2376      3.2274     31.7986    0.499412
      0.5728     424.082      -0.274      3.2274     32.0342    0.551392
      0.7662     424.848      0.1934      3.2274      32.404    0.249678
        1.24     426.088      0.4738      3.2274     32.7237     0.02932
       1.774     427.862       0.534      3.2274     32.6471    -0.06554
      2.1934     430.056      0.4194      3.2274     32.1417   -0.042914
      2.4411     432.497      0.2477      3.2274     29.7637    0.032859
      2.5175     435.014      0.0764      3.2274      27.582    0.127235
      2.4771     437.491     -0.0404      3.2274     26.2152    0.201759
       2.303     439.794     -0.1741      3.2274     26.1432     0.30113
      2.1101     441.904     -0.1929      3.2274     26.1083    0.333629
      1.7755      443.68     -0.3346      3.2274     26.2432    0.455455
      1.4378     445.118     -0.3377      3.2274     26.4042    0.494462
      1.0669     446.185     -0.3709      3.2274     26.7224    0.555181
      0.6773     446.862     -0.3896      3.2274     27.1032    0.609257
      0.5666     447.428     -0.1107      3.2274     27.5625    0.454094
      0.8341     448.263      0.2675      3.2274     28.0027    0.197749
      1.2778      449.54      0.4437      3.2274      28.373    0.043222
      1.5886     451.129      0.3108      3.2274      28.216    0.088774
      1.7735     452.902      0.1849      3.2274     27.8006    0.143975
      1.8224     454.725      0.0489      3.2274     27.5847    0.220196
      1.7681     456.493     -0.0543      3.2274     27.4451    0.288089
      1.6058     458.099     -0.1623      3.2274     27.4279    0.370742
       1.352     459.451     -0.2538      3.2274     27.5105     0.45356
      1.0242     460.475     -0.3278      3.2274     27.7078    0.534018
      0.5714     461.046     -0.4528      3.2274     28.0699    0.658826
      0.2141      461.26     -0.3573      3.2274     28.4158    0.640829
      0.3029     461.563      0.0888      3.2274     29.0873    0.363401
      0.7421     462.305      0.4392      3.2274     29.6603    0.104849
      0.8888     463.194      0.1467      3.2274     29.8208    0.264212
      0.9362      464.13      0.0474      3.2274     29.6414    0.318578
      0.9626     465.093      0.0264      3.2274     29.6171    0.328274
      1.0155     466.109      0.0529      3.2274     29.7038    0.306555
      1.0874     467.196      0.0719      3.2274      29.805    0.287246
      1.1867     468.383      0.0993      3.2274     29.8843    0.259883
       1.311     469.694      0.1243      3.2274     29.9356     0.23121
      1.3774     471.071      0.0664      3.2274     29.9491    0.258646
      1.1829     472.254     -0.1945      3.2274     29.9213    0.436581
      0.9629     473.217       -0.22      3.2274     29.9233    0.476081
      0.8376     474.054     -0.1253      3.2274     30.0723    0.433044
      0.7501     474.805     -0.0875      3.2274     30.3528    0.419989
       0.732     475.537     -0.0181      3.2274      30.611     0.38034
       0.779     476.316       0.047      3.2274     30.8452     0.33611
      0.8841       477.2      0.1051      3.2274     31.0269    0.289689
       1.064     478.264      0.1799      3.2274     31.1595     0.22502
      1.2515     479.515      0.1875      3.2274     31.2049    0.199835
       1.417     480.932      0.1655      3.2274     31.1644     0.19483
       1.602     482.534       0.185      3.2274     31.0703     0.16278
      1.4867     484.021     -0.1153      3.2274     30.9688    0.355643
      1.2535     485.274     -0.2332      3.2274     30.8252    0.452035
      1.0239     486.298     -0.2296      3.2274     30.9025    0.475131
      0.8344     487.133     -0.1895      3.2274     31.1222    0.471916
      0.7036     487.836     -0.1308      3.2274     31.4046    0.451084
       0.638     488.474     -0.0656      3.2274      31.695     0.41918
       0.637     489.111      -0.001      3.2274      31.962     0.38053
      0.6942     489.805      0.0572      3.2274     32.1843    0.339318
       0.799     490.604      0.1048      3.2274     32.3491     0.29923
      0.9371     491.542      0.1381      3.2274     32.4509    0.264059
      1.0933     492.635      0.1562      3.2274      32.491    0.236017
      1.1504     493.785      0.0571      3.2274     32.4097    0.289196
      0.9485     494.734     -0.2019      3.2274     32.3601    0.466805
      0.6934     495.427     -0.2551      3.2274     32.3706    0.526786
      0.4556     495.883     -0.2378      3.2274      32.577    0.542564
      0.2693     496.152     -0.1863      3.2274     32.8949    0.532157
       0.139     496.291     -0.1303      3.2274      33.316     0.51289
      0.1096     496.401     -0.0294      3.2274     33.6143    0.455584
      0.1719     496.573      0.0623      3.2274     34.0549    0.393711
      0.2729     496.845       0.101      3.2274       34.27    0.359381
      0.4378     497.283      0.1649      3.2274     34.4319    0.302902
      0.6262     497.909      0.1884      3.2274     34.5349    0.268078
      0.6209      498.53     -0.0053      3.2274     34.5545    0.384881
       0.547     499.077     -0.0739      3.2274     34.5112     0.43417
      0.4786     499.556     -0.0684      3.2274     34.6147    0.438394
      0.4276     499.984      -0.051      3.2274     34.7978    0.433564
      0.4037     500.387     -0.0239      3.2274     35.0324    0.419933
       0.386     500.773     -0.0177      3.2274     35.1959     0.41816
      0.1845     500.958     -0.2015      3.2274     35.4023    0.550605
       0.062      501.02     -0.1225      3.2274     35.5441     0.51668
      0.0365     501.056     -0.0255      3.2274     35.8465    0.461285
      0.0681     501.124      0.0316      3.2274     36.1543    0.423549
      0.0482     501.173     -0.0199      3.2274     36.4214    0.456638
      0.0674      501.24      0.0192      3.2274     36.5679    0.431066
      0.0425     501.282     -0.0249      3.2274      36.774    0.460265
      0.0486     501.331      0.0061      3.2274     36.9769    0.440994
      0.1764     501.507      0.1278      3.2274     37.1826    0.353916
      0.2025      501.71      0.0261      3.2274     37.3675    0.412065
      0.1978     501.908     -0.0047      3.2274     37.4366    0.431062
      0.2072     502.115      0.0094      3.2274     37.5578    0.421568
       0.239     502.354      0.0318      3.2274     37.7125     0.40463
      0.2959      502.65      0.0569      3.2274     37.8595    0.383311
      0.3758     503.026      0.0799      3.2274     37.9828    0.360722
      0.4908     503.516       0.115      3.2274     38.0893    0.327012
      0.5347     504.051      0.0439      3.2274     38.1382    0.364843
      0.4927     504.544      -0.042      3.2274     38.1469    0.421003
      0.4469     504.991     -0.0458      3.2274     38.1971    0.428321
      0.4087     505.399     -0.0382      3.2274     38.3198    0.427963
      0.3911     505.791     -0.0176      3.2274     38.4396    0.417539
      0.2676     506.058     -0.1235      3.2274     38.6085    0.494664
      0.1361     506.194     -0.1315      3.2274     38.7396    0.513929
      0.0411     506.235      -0.095      3.2274     38.9507    0.502479
      0.0006     506.236     -0.0405      3.2274     39.2436    0.474234
      0.0215     506.257      0.0209      3.2274     39.4469    0.435095
      0.1212     506.379      0.0997      3.2274     39.6874    0.376848
      0.2607     506.639      0.1395      3.2274     39.8384    0.337623
      0.4129     507.052      0.1522      3.2274     39.9046    0.313261
      0.4739     507.526       0.061      3.2274     39.9055    0.361271
      0.5077     508.034      0.0338      3.2274     39.8755    0.373873
      0.5356     508.569      0.0279      3.2274     39.8967    0.374344
      0.5563     509.126      0.0207      3.2274     39.9519    0.376387
      0.4695     509.595     -0.0868      3.2274     40.0017    0.450435
      0.3646      509.96     -0.1049      3.2274     40.0449    0.472834
      0.2457     510.206     -0.1189      3.2274      40.181    0.494313
       0.139     510.345     -0.1067      3.2274     40.3903     0.49873
      0.0898     510.434     -0.0492      3.2274     40.5975    0.469642
      0.0865     510.521     -0.0033      3.2274     40.7783    0.442465
      0.1391      510.66      0.0526      3.2274      40.992    0.403139
      0.2307     510.891      0.0916      3.2274     41.1346    0.369663
      0.3519     511.243      0.1212      3.2274     41.2202    0.338571
      0.4855     511.728      0.1336      3.2274     41.2532    0.316435
      0.5111     512.239      0.0256      3.2274     41.2383    0.378419
      0.4906      512.73     -0.0205      3.2274     41.1887    0.408334
      0.4562     513.186     -0.0344      3.2274     41.2082    0.420458
      0.4047     513.591     -0.0515      3.2274     41.2838    0.436383
      0.3506     513.941     -0.0541      3.2274     41.3803    0.443894
      0.2212     514.162     -0.1294      3.2274     41.5174    0.503308
      0.1271      514.29     -0.0941      3.2274     41.6027    0.492479
      0.0058     514.295     -0.1213      3.2274     41.8314    0.522142
      0.0756     514.371      0.0698      3.2274     42.0291    0.399804
      0.0939     514.465      0.0183      3.2274     42.2527    0.428691
      0.0552      514.52     -0.0387      3.2274     42.3386    0.467148
      0.0158     514.536     -0.0394      3.2274     42.4152    0.471902
       0.158     514.694      0.1422      3.2274     42.5858      0.3473
      0.2459      514.94      0.0879      3.2274     42.7424    0.370211
       0.317     515.257      0.0711      3.2274     42.7365     0.37247
        0.36     515.617       0.043      3.2274     42.7397      0.3846
      0.3805     515.997      0.0205      3.2274     42.7494    0.395845
      0.3864     516.384      0.0059      3.2274     42.7768    0.403956
      0.3741     516.758     -0.0123      3.2274     42.8205    0.416229
      0.3397     517.097     -0.0344      3.2274     42.8854    0.433273
      0.1411     517.239     -0.1986      3.2274     42.9568    0.553639
      0.0971     517.336      -0.044      3.2274     43.0503    0.465719
      0.3425     517.678      0.2454      3.2274     43.3119    0.265085
       0.484     518.162      0.1415      3.2274     43.4478     0.31186
      0.4727     518.635     -0.0113      3.2274      43.291    0.404783
      0.3626     518.997     -0.1101      3.2274      43.209    0.476174
      0.1515     519.149     -0.2111      3.2274     43.2435    0.559995
      0.1156     519.265     -0.0359      3.2274     43.3802    0.458824
      0.3996     519.664       0.284      3.2274     43.6213    0.235644
      0.6182     520.282      0.2186      3.2274     43.7316    0.250838
      0.7275      521.01      0.1093      3.2274     43.5627    0.304395
       0.702     521.712     -0.0255      3.2274     43.3457     0.38808
      0.5881       522.3     -0.1139      3.2274     43.2407    0.453649
      0.4095     522.709     -0.1786      3.2274     43.2501    0.512115
      0.1971     522.907     -0.2124      3.2274     43.3523    0.555759
      0.0186     522.925     -0.1785      3.2274     43.5005    0.555054
      0.1932     523.118      0.1746      3.2274      43.785    0.323988
      0.3151     523.433      0.1219      3.2274     44.0419    0.342199
      0.3608     523.794      0.0457      3.2274     44.0092    0.382892
      0.3827     524.177      0.0219      3.2274     43.9482    0.394763
      0.3697     524.547      -0.013      3.2274     43.9526    0.417133
      0.2905     524.837     -0.0792      3.2274     43.9803    0.465565
      0.1563     524.993     -0.1342      3.2274     44.0374    0.513327
      0.0154     525.009     -0.1409      3.2274     44.1565    0.532846
      0.2007      525.21      0.1853      3.2274     44.3398    0.316743
      0.3738     525.583      0.1731      3.2274     44.5524    0.305022
      0.5099     526.093      0.1361      3.2274     44.5056    0.312251
      0.6025     526.696      0.0926      3.2274      44.357    0.328165
      0.5522     527.248     -0.0503      3.2274     44.2736    0.419438
      0.3715     527.619     -0.1807      3.2274     44.1983    0.517555
      0.0978     527.717     -0.2737      3.2274     44.2479    0.603462
      0.1512     527.868      0.0534      3.2274     44.4119    0.401328
      0.3331     528.202      0.1819      3.2274      44.634    0.304219
      0.5171     528.719       0.184      3.2274     44.6968    0.282719
      0.5483     529.267      0.0312      3.2274     44.6231    0.370967
       0.447     529.714     -0.1013      3.2274     44.4271     0.46161
      0.3361      530.05     -0.1109      3.2274     44.3995    0.479569
      0.1829     530.233     -0.1532      3.2274     44.5155    0.521801
       0.014     530.247     -0.1689      3.2274     44.6549      0.5498
      0.1639     530.411      0.1499      3.2274     44.8448    0.342031
      0.3261     530.737      0.1622      3.2274     45.0753    0.316809
      0.4504     531.187      0.1243      3.2274      45.059    0.325876
      0.5201     531.707      0.0697      3.2274     44.9631    0.350969
       0.522     532.229      0.0019      3.2274     44.8621     0.39144
      0.4444     532.674     -0.0776      3.2274     44.8113    0.447676
      0.2254     532.899      -0.219      3.2274     44.8167    0.556606
      0.0796     532.979     -0.1458      3.2274      44.912    0.528724
       0.333     533.312      0.2534      3.2274     45.1144     0.26133
      0.5261     533.838      0.1931      3.2274     45.2887    0.276269
      0.6216      534.46      0.0955      3.2274     45.1543    0.324324
      0.6049     535.064     -0.0167      3.2274     44.9849    0.393481
      0.4132     535.478     -0.1917      3.2274     44.8603    0.519568
      0.2095     535.687     -0.2037      3.2274     44.8595    0.549175
      0.0766     535.764     -0.1329      3.2274     45.0136    0.521314
       0.243     536.007      0.1664      3.2274     45.2355     0.32343
      0.3183     536.325      0.0753      3.2274     45.4426    0.369807
      0.3187     536.644      0.0004      3.2274     45.4131    0.414703
      0.2512     536.895     -0.0675      3.2274     45.3747    0.462868
      0.1439     537.039     -0.1073      3.2274     45.4048    0.498551
      0.0321     537.071     -0.1118      3.2274     45.5356    0.513549
      0.1404     537.211      0.1083      3.2274     45.6559    0.369576
      0.2855     537.497      0.1451      3.2274     45.8452    0.331535
      0.4038     537.901      0.1183      3.2274     45.8481    0.334602
      0.4552     538.356      0.0514      3.2274     45.7633    0.369088
      0.4271     538.783     -0.0281      3.2274     45.6769    0.419879
      0.2953     539.078     -0.1318      3.2274     45.6345    0.496597
      0.1112     539.189     -0.1841      3.2274     45.6684    0.548228
      0.1496     539.339      0.0384      3.2274     45.8263    0.410504
      0.2412      539.58      0.0916      3.2274     45.9966    0.368508
      0.2363     539.817     -0.0049      3.2274     46.0364    0.426947
      0.1737      539.99     -0.0626      3.2274     46.0132    0.468453
      0.0737     540.064        -0.1      3.2274     46.0479    0.501893
      0.0224     540.086     -0.0513      3.2274     46.1257    0.478316
      0.1476     540.234      0.1252      3.2274     46.2934    0.358644
      0.2351     540.469      0.0875      3.2274     46.4362    0.371639
      0.2595     540.729      0.0244      3.2274     46.4152    0.406815
      0.2502     540.979     -0.0093      3.2274     46.3869    0.428058
      0.2164     541.195     -0.0338      3.2274     46.3898    0.446476
      0.1612     541.356     -0.0552      3.2274     46.4171    0.465388
      0.1518     541.508     -0.0094      3.2274     46.4624    0.438942
      0.2403     541.749      0.0885      3.2274     46.5587    0.370467
      0.3491     542.098      0.1088      3.2274     46.6261    0.346319
      0.4192     542.517      0.0701      3.2274     46.5935    0.361828
      0.4301     542.947      0.0109      3.2274     46.5141    0.396149
      0.3719     543.319     -0.0582      3.2274     46.4557    0.444011
      0.3098     543.629     -0.0621      3.2274     46.4477    0.453182
      0.2823     543.911     -0.0275      3.2274     46.5066    0.435447
      0.2156     544.127     -0.0667      3.2274     46.5873    0.466304
      0.1153     544.242     -0.1003      3.2274     46.6468    0.497497
      0.0124     544.254     -0.1029      3.2274     46.7391    0.510376
      0.1608     544.415      0.1484      3.2274     46.8745    0.343272
      0.0055     544.421     -0.1553      3.2274     47.0299    0.542575
      0.1963     544.617      0.1908      3.2274     46.9854    0.313927
      0.3817     544.999      0.1854      3.2274     47.1034    0.296773
      0.4944     545.493      0.1127      3.2274     47.0304    0.327996
      0.5509     546.044      0.0565      3.2274     46.8328    0.355501
      0.4896     546.533     -0.0613      3.2274     46.7158    0.432924
      0.3276     546.861      -0.162      3.2274     46.6461    0.511164
      0.0814     546.942     -0.2462      3.2274       46.68    0.588766
      0.1645     547.107      0.0831      3.2274     46.7933    0.382045
       0.456     547.563      0.2915      3.2274     47.0757     0.22494
      0.4478     548.011     -0.0082      3.2274     47.0948    0.405662
      0.3569     548.368     -0.0909      3.2274     46.8109    0.465281
      0.2359     548.604      -0.121      3.2274     46.7673    0.496651
      0.0785     548.682     -0.1574      3.2274      46.866    0.535805
      0.5147     549.197      0.4362      3.2274     46.9674    0.131663
      0.9793     550.176      0.4646      3.2274     47.0875    0.063517
      1.3388     551.515      0.3595      3.2274      46.609    0.087032
        1.42     552.935      0.0812      3.2274     46.1304     0.24508
      1.2472     554.182     -0.1728      3.2274     45.5423    0.416488
      1.1321     555.314     -0.1151      3.2274     45.3726    0.394529
      1.1029     556.417     -0.0292      3.2274      45.361    0.346201
      0.9824     557.399     -0.1205      3.2274     45.3829    0.414236
      0.7263     558.126     -0.2561      3.2274     45.3297    0.523767
      0.3688     558.494     -0.3575      3.2274     45.3532    0.623932
      0.1539     558.648     -0.2149      3.2274     45.5194    0.562011
      0.0295     558.678     -0.1244      3.2274      45.814    0.521395
      0.0731     558.751      0.0436      3.2274     46.0763    0.415799
       0.143     558.894      0.0699      3.2274     46.2414     0.39233
      0.2023     559.096      0.0593      3.2274     46.2942    0.392167
      0.2546     559.351      0.0523      3.2274     46.2972    0.390614
      0.3019     559.653      0.0473      3.2274     46.2939    0.388411
       0.281     559.934     -0.0209      3.2274     46.2881     0.43163
      0.8466      560.78      0.5656      3.2274     46.2803    0.017514
      1.3227     562.103      0.4761      3.2274     46.0334    0.018843
      1.5588     563.662      0.2361      3.2274     45.5138    0.136872
      1.6468     565.309       0.088      3.2274     44.9624    0.216052
      1.7121     567.021      0.0653      3.2274     44.5001    0.222489
      1.6029     568.624     -0.1092      3.2274     44.3279    0.339201
      1.2574     569.881     -0.3455      3.2274     44.1002    0.518986
      0.8144     570.695      -0.443      3.2274     44.0311    0.626216
      0.6641      571.36     -0.1503      3.2274     44.1877    0.467129
      0.4801      571.84      -0.184      3.2274     44.4944    0.507589
      0.2717     572.111     -0.2084      3.2274     44.6481    0.545153
      0.0751     572.186     -0.1966      3.2274     44.7901    0.559699
      0.2199     572.406      0.1448      3.2274     45.0567    0.338931
      0.4802     572.887      0.2603      3.2274      45.308    0.240998
      0.4732      573.36      -0.007      3.2274     45.2844    0.402148
      0.1353     573.495     -0.3379      3.2274     45.0582    0.637857
      0.1265     573.622     -0.0088      3.2274     45.0266    0.441365
      0.3867     574.008      0.2602      3.2274     45.1984    0.251343
      0.5227     574.531       0.136      3.2274     45.2717    0.310903
      0.5072     575.038     -0.0155      3.2274     45.0763    0.403508
      0.4975     575.536     -0.0097      3.2274     44.9461    0.401095
       0.349     575.885     -0.1485      3.2274     44.9596     0.50071
      0.0626     575.947     -0.2864      3.2274     44.9849    0.614954
      0.2322     576.179      0.1696      3.2274     45.1052    0.322698
      0.3766     576.556      0.1444      3.2274     45.4541    0.321934
       0.519     577.075      0.1424      3.2274     45.4238     0.30747
      0.6597     577.735      0.1407      3.2274     45.3279    0.293013
       0.798     578.533      0.1383      3.2274     45.2173     0.27924
      0.9274      579.46      0.1294      3.2274     45.0875    0.270346
      1.0412     580.501      0.1138      3.2274     44.9388    0.267188
      1.1428     581.644      0.1016      3.2274     44.7505    0.263332
      1.0196     582.664     -0.1232      3.2274     44.5859    0.411764
      0.8199     583.484     -0.1997      3.2274     44.4176    0.479631
      0.6164       584.1     -0.2035      3.2274     44.4111    0.504296
      0.4761     584.576     -0.1403      3.2274     44.4925    0.481809
      0.3648     584.941     -0.1113      3.2274     44.6722    0.476652
      0.3297     585.271     -0.0351      3.2274      44.818    0.434793
      0.2251     585.496     -0.1046      3.2274     44.9528    0.487999
      0.2082     585.704     -0.0169      3.2274     45.0397    0.437238
      0.3298     586.034      0.1216      3.2274     45.2143    0.340762
      0.4899     586.524      0.1601      3.2274     45.2902    0.300051
      0.7845     587.308      0.2946      3.2274     45.2358    0.186945
      1.0658     588.374      0.2813      3.2274     45.1167    0.163982
      1.2866     589.661      0.2208      3.2274     44.8794    0.175994
      1.5219     591.182      0.2353      3.2274     44.4887    0.141411
      1.5249     592.707       0.003      3.2274     44.1827    0.280461
      1.3291     594.036     -0.1958      3.2274     43.7779    0.421279
      1.0615     595.098     -0.2676      3.2274     43.6143    0.493795
      0.7522      595.85     -0.3093      3.2274     43.6324    0.552838
      0.4548     596.305     -0.2974      3.2274     43.7646    0.578412
      0.2141     596.519     -0.2407      3.2274     43.9784    0.570869
      0.0654     596.584     -0.1487      3.2274     44.2438    0.532026
      0.0296     596.614     -0.0358      3.2274     44.5153    0.468224
      0.1101     596.724      0.0805      3.2274     44.7458    0.389589
      0.3311     597.055       0.221      3.2274     44.9123    0.280979
      0.6452       597.7      0.3141      3.2274     44.9419    0.190568
      0.8885     598.589      0.2433      3.2274     44.8275    0.206285
       1.183     599.772      0.2945      3.2274     44.4791     0.14317
      1.1034     600.875     -0.0796      3.2274     44.2115    0.376386
      0.8738     601.749     -0.2296      3.2274     43.8453    0.491642
      0.6143     602.363     -0.2595      3.2274     43.7794    0.538127
      0.2192     602.583     -0.3951      3.2274     43.9105    0.662948
      0.0986     602.681     -0.1206      3.2274     44.1128    0.511514
      0.3088      602.99      0.2102      3.2274     44.3708    0.289912
       0.468     603.458      0.1592      3.2274     44.5975       0.303
      0.4735     603.932      0.0055      3.2274     44.5379    0.394615
       0.363     604.295     -0.1105      3.2274     44.4204     0.47637
      0.1425     604.437     -0.2205      3.2274     44.4248    0.566625
       0.205     604.642      0.0625      3.2274      44.567     0.38995
      0.5321     605.174      0.3271      3.2274     44.7995    0.195209
      0.8257         606      0.2936      3.2274     44.8082    0.183013
       1.035     607.035      0.2093      3.2274     44.5539     0.21057
      1.1343     608.169      0.0993      3.2274      44.198    0.265647
      1.0818     609.251     -0.0525      3.2274     43.9418    0.362502
      0.9468     610.198      -0.135      3.2274     43.7972    0.426852
      0.6544     610.852     -0.2924      3.2274      43.755    0.553456
      0.3457     611.198     -0.3087      3.2274     43.8115    0.597193
      0.0338     611.232     -0.3119      3.2274     44.0088    0.633422
      0.2318     611.463       0.198      3.2274     44.2907    0.305702
       0.391     611.854      0.1592      3.2274     44.5679     0.31147
      0.4888     612.343      0.0978      3.2274     44.4833    0.337552
      0.4275     612.771     -0.0613      3.2274     44.3825    0.439755
      0.2608     613.032     -0.1667      3.2274     44.3177    0.521332
      0.0151     613.047     -0.2457      3.2274     44.3818    0.595759
      0.3154     613.362      0.3003      3.2274     44.5906    0.235126
      0.5869     613.949      0.2715      3.2274     44.8624    0.222541
       0.794     614.743      0.2071      3.2274     44.6945      0.2384
      0.8995     615.642      0.1055      3.2274     44.4468    0.287755
      0.8769     616.519     -0.0226      3.2274     44.1936    0.367101
      0.7011      617.22     -0.1758      3.2274     44.0298    0.478359
      0.4978     617.718     -0.2033      3.2274     44.0012    0.517222
      0.2083     617.927     -0.2895      3.2274     44.1105    0.600787
      0.1409     618.067     -0.0674      3.2274     44.3246    0.474941
      0.4099     618.477       0.269      3.2274     44.5997    0.243511
      0.7664     619.244      0.3565      3.2274     44.7258    0.151796
      0.6999     619.944     -0.0665      3.2274     44.5667    0.412911
      0.6795     620.623     -0.0204      3.2274     44.1477    0.387495
      0.4918     621.115     -0.1877      3.2274     44.1397    0.508522
      0.2933     621.408     -0.1985      3.2274     44.1604    0.536837
      0.0293     621.438      -0.264      3.2274     44.3394    0.605177
      0.3485     621.786      0.3192      3.2274     44.5897    0.220145
      0.5703     622.356      0.2218      3.2274     44.8612    0.254187
      0.7003     623.057        0.13      3.2274     44.6508    0.294967
      0.7411     623.798      0.0408      3.2274      44.455    0.343999
      0.6261     624.424      -0.115      3.2274     44.3259    0.450129
      0.4223     624.846     -0.2038      3.2274     44.2573    0.525827
      0.0098     624.856     -0.4125      3.2274      44.359    0.696422
      0.5085     625.364      0.4987      3.2274      44.541    0.094845
      1.0215     626.386       0.513      3.2274     44.9324    0.029835
       1.279     627.665      0.2575      3.2274     44.6526     0.15481
       1.408     629.073       0.129      3.2274     43.9649     0.21772
      1.2916     630.365     -0.1164      3.2274     43.6155    0.377764
      0.9333     631.298     -0.3583      3.2274     43.3514    0.562317
      0.7046     632.002     -0.2287      3.2274     43.3276    0.509714
      0.3985     632.401     -0.3061      3.2274     43.5565    0.589825
      0.1349     632.536     -0.2636      3.2274     43.7627    0.593321
       0.099     632.635     -0.0359      3.2274      44.042     0.46065
      0.2734     632.908      0.1744      3.2274     44.3487    0.315286
      0.3612     633.269      0.0878      3.2274     44.4761    0.357588
      0.3916     633.661      0.0304      3.2274     44.4183    0.388684
      0.3024     633.963     -0.0892      3.2274     44.3847    0.470256
      0.2418     634.205     -0.0606      3.2274     44.3996    0.459762
      0.6144      634.82      0.3726      3.2274     44.4863    0.158856
      0.9491     635.769      0.3347      3.2274      44.409    0.144779
       1.759     637.528      0.8099      3.2274     44.0404    -0.22943
       2.361     639.889       0.602      3.2274     43.6684    -0.17091
      2.7212      642.61      0.3602      3.2274     41.2984   -0.065452
      2.7867     645.397      0.0655      3.2274     39.1922    0.104163
      2.7014     648.098     -0.0853      3.2274     37.6596    0.204026
      2.5702     650.668     -0.1312      3.2274     35.9779    0.245998
       2.598     653.266      0.0278      3.2274     35.7853     0.14754
      2.5248     655.791     -0.0732      3.2274      35.713    0.216192
      2.3286      658.12     -0.1962      3.2274     35.4759    0.311574
       2.287     660.407     -0.0416      3.2274     35.3159     0.22339
      2.6021     663.009      0.3151      3.2274     35.3218   -0.025291
      2.7542     665.763      0.1521      3.2274     35.2269    0.055778
      2.8041     668.567      0.0499      3.2274       33.35    0.111609
      2.6937     671.261     -0.1104      3.2274     32.8055    0.219933
        2.41     673.671     -0.2837      3.2274     32.5046     0.35512
      2.3575     676.028     -0.0525      3.2274     32.4155    0.222175
      2.3086     678.337     -0.0489      3.2274     32.5186    0.225394
      2.1338     680.471     -0.1748      3.2274      32.414    0.320162
      1.8658     682.336      -0.268      3.2274     32.3213    0.405562
      1.5295     683.866     -0.3363      3.2274     32.3771    0.483535
      1.4039      685.27     -0.1256      3.2274     32.5588    0.370931
      1.2757     686.546     -0.1282      3.2274     32.8497    0.386593
      1.0468     687.592     -0.2289      3.2274      33.004    0.472192
      0.7703     688.363     -0.2765      3.2274     33.1461    0.531167
      0.4895     688.852     -0.2808      3.2274     33.3628    0.564635
      0.0578      688.91     -0.4317      3.2274     33.7725    0.702662
      0.0231     688.933     -0.0347      3.2274     34.1694    0.468279
      0.0745     689.008      0.0514      3.2274     34.7257    0.410965
      0.1498     689.157      0.0753      3.2274     34.9924    0.388342
      0.2787     689.436      0.1289      3.2274     35.1499    0.342003
      0.5044      689.94      0.2257      3.2274     35.2988    0.259096
      0.7766     690.717      0.2722      3.2274     35.3796    0.201254
      0.9646     691.682       0.188      3.2274     35.3459    0.231094
      1.2455     692.927      0.2809      3.2274     35.1838    0.144455
      1.4939     694.421      0.2484      3.2274     35.0766    0.136631
      1.7366     696.158      0.2427      3.2274      34.863    0.113354
      1.9937     698.151      0.2571      3.2274     34.5893    0.076433
      2.0605     700.212      0.0668      3.2274     34.3715    0.183265
       1.985     702.197     -0.0755      3.2274     34.0583     0.27695
      1.8581     704.055     -0.1269      3.2274      33.856    0.321749
       1.765      705.82     -0.0931      3.2274     33.8136     0.31171
      1.6611     707.481     -0.1039      3.2274     33.8478    0.329619
      1.6062     709.087     -0.0549      3.2274     33.8814    0.306258
      1.5876     710.675     -0.0186      3.2274     33.9346    0.286524
      1.6053      712.28      0.0177      3.2274     33.9647    0.262797
      1.6528     713.933      0.0475      3.2274     33.9653    0.239692
      1.7341     715.667      0.0813      3.2274     33.9254    0.210469
      1.8013     717.468      0.0672      3.2274     33.8695    0.211537
        1.88     719.348      0.0787      3.2274     33.7595     0.19598
      1.9485     721.297      0.0685      3.2274     33.6478    0.194565
      2.0063     723.303      0.0578      3.2274     33.4957    0.194627
      2.0282     725.331      0.0219      3.2274     33.3855    0.213758
      2.0297     727.361      0.0015      3.2274     33.2552    0.225833
       2.004     729.365     -0.0257      3.2274     33.1523     0.24498
      1.9421     731.307     -0.0619      3.2274     33.0568    0.273509
      1.8922     733.199     -0.0499      3.2274     33.0196    0.271798
      1.7731     734.972     -0.1191      3.2274     33.0044    0.326419
      1.6526     736.625     -0.1205      3.2274     32.9939    0.340514
      1.5237     738.149     -0.1289      3.2274     33.0513    0.359733
      1.4154     739.564     -0.1083      3.2274     33.1218    0.359286
      1.2481     740.812     -0.1673      3.2274     33.2689    0.413089
      1.1494     741.962     -0.0987      3.2274     33.3619    0.382786
      1.0434     743.005      -0.106      3.2274     33.5362    0.398826
      0.9512     743.956     -0.0922      3.2274     33.6837    0.400688
        0.87     744.826     -0.0812      3.2274     33.8436     0.40302
      0.7996     745.626     -0.0704      3.2274      34.007    0.404284
      0.7383     746.364     -0.0613      3.2274     34.1717    0.405567
      0.6841     747.048     -0.0542      3.2274     34.3364    0.407269
      0.6353     747.684     -0.0488      3.2274     34.5007    0.409397
       0.598     748.282     -0.0373      3.2274     34.6656      0.4066
      0.6898     748.971      0.0918      3.2274     34.8037    0.319042
      0.9618     749.933       0.272      3.2274     34.9911    0.181002
       1.179     751.112      0.2172      3.2274     35.0275     0.18999
      1.3395     752.452      0.1605      3.2274     34.8309    0.206355
      1.4182      753.87      0.0787      3.2274     34.6542    0.246778
        1.58      755.45      0.1618      3.2274     34.5594     0.17912
      1.9728     757.423      0.3928      3.2274     34.4713   -0.002688
      2.1826     759.605      0.2098      3.2274     34.3295    0.084034
      2.3426     761.948        0.16      3.2274     33.5883    0.096314
      2.3346     764.282      -0.008      3.2274     33.2475    0.197994
      2.1976      766.48      -0.137      3.2274      32.969    0.290464
      1.9459     768.426     -0.2517      3.2274     32.8227    0.386971
      2.0888     770.515      0.1429      3.2274     32.8253    0.134492
      2.2971     772.812      0.2083      3.2274     32.9645    0.072339
      2.4335     775.245      0.1364      3.2274     32.7177    0.100475
      2.4501     777.695      0.0166      3.2274     32.3559    0.170529
      2.4796     780.175      0.0295      3.2274     32.1166    0.159544
      2.8131     782.988      0.3335      3.2274     31.9545   -0.059541
      3.1448     786.133      0.3317      3.2274     31.7216   -0.094948
      3.2251     789.358      0.0803      3.2274     29.3394    0.047059
       3.207     792.565     -0.0181      3.2274     27.7331     0.10809
      3.1313     795.696     -0.0757      3.2274     26.5823    0.150977
      3.0712     798.768     -0.0601      3.2274     26.3378    0.148228
      3.1072     801.875       0.036      3.2274     26.2233    0.086608
      3.1789     805.054      0.0717      3.2274      26.112    0.057301
      3.1537     808.207     -0.0252      3.2274     25.9001    0.118213
      2.9905     811.198     -0.1632      3.2274     25.6023    0.218965
      2.8359     814.034     -0.1546      3.2274     25.5045    0.230811
      2.4808     816.515     -0.3551      3.2274     25.5118    0.390172
      2.0967     818.611     -0.3841      3.2274     25.5404    0.449823
      1.7504     820.362     -0.3463      3.2274     25.7855    0.465236
      1.4119     821.774     -0.3385      3.2274     26.1206    0.497791
      1.0747     822.848     -0.3372      3.2274     26.4771    0.534103
      0.7001     823.548     -0.3746      3.2274     26.8697    0.597749
      0.2909     823.839     -0.4092      3.2274     27.3102    0.663521
      0.2222     824.061     -0.0687      3.2274     27.9171    0.466778
      0.6651     824.727      0.4429      3.2274     28.5239    0.111099
      0.9543     825.681      0.2892      3.2274     28.8652    0.171507
      1.2172     826.898      0.2629      3.2274     28.7235    0.158368
      1.4248     828.323      0.2076      3.2274     28.6228    0.168712
      1.6671      829.99      0.2423      3.2274     28.4978    0.121239
      1.9051     831.895       0.238      3.2274     28.3855    0.097639
      2.1247      834.02      0.2196      3.2274     28.2152    0.084523
      2.2818     836.302      0.1571      3.2274     27.9738    0.104742
      2.3969     838.698      0.1151      3.2274     27.7484    0.117281
      2.4967     841.195      0.0998      3.2274     27.5514    0.115483
      2.5849      843.78      0.0882      3.2274      27.376    0.112741
      2.6746     846.455      0.0897      3.2274     27.1735    0.101974
      2.7299     849.185      0.0553      3.2274     27.0278    0.116531
      2.7924     851.977      0.0625      3.2274     26.8094    0.105336
      2.8265     854.803      0.0341      3.2274     26.6704    0.118625
      2.8548     857.658      0.0283      3.2274      26.494    0.118992
      2.8659     860.524      0.0111      3.2274     26.3884    0.128091
      2.8706     863.395      0.0047      3.2274     26.2351    0.131414
      2.8599     866.255     -0.0107      3.2274     26.0965    0.141831
      2.8261     869.081     -0.0338      3.2274     25.9659    0.159409
      2.7742     871.855     -0.0519      3.2274     25.8521    0.175978
      2.7081     874.563     -0.0661      3.2274      25.765    0.191769
      2.6294     877.192     -0.0787      3.2274     25.7036    0.207986
      2.5396     879.732     -0.0898      3.2274     25.6663    0.224524
        2.44     882.172     -0.0996      3.2274     25.6531     0.24136
      2.3687     884.541     -0.0713      3.2274       25.66    0.232223
      2.2552     886.796     -0.1135      3.2274     25.6946    0.270028
      2.1326     888.929     -0.1226      3.2274      25.718    0.288974
      2.0243     890.953     -0.1083      3.2274     25.7761    0.292307
      1.8671      892.82     -0.1572      3.2274     25.8943    0.338939
       1.727     894.547     -0.1401      3.2274     26.0008     0.34409
       1.627     896.174        -0.1      3.2274      26.167     0.33103
       1.561     897.735      -0.066      3.2274     26.3444     0.31789
      1.5063     899.241     -0.0547      3.2274     26.4774    0.317127
      1.4187      900.66     -0.0876      3.2274     26.6372    0.346503
      1.3299      901.99     -0.0888      3.2274       26.77    0.356991
      1.2291     903.219     -0.1008      3.2274     26.9407    0.375279
      1.1371     904.356      -0.092      3.2274     27.0956    0.380119
      0.9978     905.354     -0.1393      3.2274     27.3402    0.423822
      0.8695     906.223     -0.1283      3.2274     27.5548    0.431335
      0.7376     906.961     -0.1319      3.2274     27.8234    0.448004
      0.6056     907.567      -0.132      3.2274     28.1042    0.462584
      0.5179     908.084     -0.0877      3.2274     28.3041    0.445651
       0.368     908.452     -0.1499      3.2274     28.6764     0.49946
      0.2408     908.693     -0.1272      3.2274     28.9717    0.499832
      0.1188     908.812      -0.122      3.2274     29.3284    0.510132
      0.0115     908.824     -0.1073      3.2274     29.7509    0.513115
      0.0958     908.919      0.0843      3.2274     30.0598    0.388882
      0.1837     909.103      0.0879      3.2274     30.4316    0.377053
      0.1803     909.283     -0.0034      3.2274      30.642    0.432207
      0.0197     909.303     -0.1606      3.2274     30.8132    0.544193
      0.2634     909.567      0.2437      3.2274     31.0896    0.274806
      0.4221     909.989      0.1587      3.2274     31.3811    0.308349
      0.5839     910.572      0.1618      3.2274     31.4112    0.288691
       0.659     911.231      0.0751      3.2274     31.4613     0.33245
      0.6733     911.905      0.0143      3.2274     31.4896    0.367357
      0.7223     912.627       0.049      3.2274     31.5775    0.341147
       0.922     913.549      0.1997      3.2274     31.6929     0.22876
      1.1313      914.68      0.2093      3.2274     31.8002    0.199977
      1.3042     915.985      0.1729      3.2274     31.7012    0.202798
      1.3329     917.318      0.0287      3.2274     31.5835    0.286161
      1.2866     918.604     -0.0463      3.2274      31.494    0.336254
      1.1581     919.762     -0.1285      3.2274     31.5113    0.399709
      0.9283     920.691     -0.2298      3.2274     31.6234    0.485767
      0.6799      921.37     -0.2484      3.2274     31.8043    0.524251
      0.4358     921.806     -0.2441      3.2274     32.0974    0.548522
      0.6436      922.45      0.2078      3.2274     32.3908    0.254524
      1.3271     923.777      0.6835      3.2274     32.8444   -0.106081
      1.7978     925.575      0.4707      3.2274      32.787   -0.030178
      2.1791     927.754      0.3813      3.2274     31.0655   -0.018481
      2.3952     930.149      0.2161      3.2274     29.5396    0.056868
      2.5649     932.714      0.1697      3.2274     27.7234    0.066041
      2.6207     935.335      0.0558      3.2274     26.3836    0.128243
      2.6445     937.979      0.0238      3.2274     26.2765    0.144825
      2.5807      940.56     -0.0638      3.2274     26.1352    0.204403
      2.4251     942.985     -0.1556      3.2274       26.03    0.276599
      2.1478     945.133     -0.2773      3.2274     26.0037    0.380122
      1.8465     946.979     -0.3013      3.2274     26.0843    0.427665
      1.5004      948.48     -0.3461      3.2274     26.3066    0.492616
        1.12       949.6     -0.3804      3.2274     26.5972     0.55504
       0.954     950.554      -0.166      3.2274     26.9743     0.44466
      1.1869     951.741      0.2329      3.2274      27.435    0.179701
      1.5298      953.27      0.3429      3.2274     27.7451    0.075982
      1.8008     955.071       0.271      3.2274     27.5652    0.089312
      1.9355     957.007      0.1347      3.2274     27.2908    0.156275
      1.9736      958.98      0.0381      3.2274     26.9964    0.210044
      1.9005     960.881     -0.0731      3.2274        26.9    0.284805
      1.6772     962.558     -0.2233      3.2274     26.8721    0.399488
       1.442         964     -0.2352      3.2274     26.9393      0.4325
      1.0342     965.034     -0.4078      3.2274      27.224    0.580918
      0.6234     965.658     -0.4108      3.2274     27.5175    0.627906
      0.1763     965.834     -0.4471      3.2274     27.9944    0.698867
      0.2906     966.124      0.1143      3.2274     28.5492    0.349454
       0.844     966.968      0.5534      3.2274     29.2994     0.02512
      1.1128     968.081      0.2688      3.2274     29.4729    0.166312
      1.1883      969.27      0.0755      3.2274     29.1723    0.273987
      1.2302       970.5      0.0419      3.2274     29.0278    0.289538
       1.272     971.772      0.0418      3.2274     29.0312       0.285
      1.3201     973.092      0.0481      3.2274     29.0723    0.275929
      1.3981      974.49       0.078      3.2274     29.1243    0.249409
      1.4999      975.99      0.1018      3.2274     29.1656    0.223931
      1.6228     977.613      0.1229      3.2274     29.1722    0.197752
      1.5869       979.2     -0.0359      3.2274     29.1489    0.296981
       1.415     980.615     -0.1719      3.2274     29.0935     0.39749
      1.2264     981.841     -0.1886      3.2274     29.1414    0.428256
      1.0804     982.921      -0.146      3.2274     29.3146    0.418756
      1.0038     983.925     -0.0766      3.2274     29.5093    0.385542
      0.9691     984.894     -0.0347      3.2274     29.7484    0.364219
      0.9924     985.887      0.0233      3.2274     29.9469    0.326856
       1.084     986.971      0.0916      3.2274     30.1375      0.2758
      1.2083     988.179      0.1243      3.2274     30.2485    0.242507
      1.3602     989.539      0.1519      3.2274     30.2853    0.209238
      1.5259     991.065      0.1657      3.2274     30.2689    0.182731
      1.6928     992.758      0.1669      3.2274     30.2027    0.163652
      1.6364     994.394     -0.0564      3.2274     30.0971    0.303836
      1.3892     995.783     -0.2472      3.2274     29.9641    0.445508
      1.1395     996.923     -0.2497      3.2274     30.0015    0.474475
      0.9231     997.846     -0.2164      3.2274     30.2105    0.478299
      0.7847     998.631     -0.1384      3.2274     30.4485    0.446723
      0.6638     999.295     -0.1209      3.2274     30.8082    0.449522
       0.629     999.924     -0.0348      3.2274     31.0382     0.40169
      0.6488     1000.57      0.0198      3.2274     31.3513    0.366752
      0.7223     1001.29      0.0735      3.2274     31.5588    0.326447
      0.8136     1002.11      0.0913      3.2274     31.6862    0.305724
       0.946     1003.05      0.1324      3.2274     31.7762      0.2665
      1.0918     1004.15      0.1458      3.2274     31.8309    0.242422
      1.2124     1005.36      0.1206      3.2274     31.8279    0.244276
      1.0562     1006.41     -0.1562      3.2274     31.7953    0.427538
      0.7682     1007.18      -0.288      3.2274     31.7492    0.538298
      0.5265     1007.71     -0.2417      3.2274     31.9183    0.537105
      0.3041     1008.01     -0.2224      3.2274     32.2986    0.549989
      0.1999     1008.21     -0.1042      3.2274     32.6037    0.490531
      0.1402     1008.35     -0.0597      3.2274     33.0505    0.470398
      0.1669     1008.52      0.0267      3.2274     33.3685    0.415621
      0.2558     1008.78      0.0889      3.2274     33.6456    0.368522
      0.3938     1009.17       0.138      3.2274     33.8463    0.323882
      0.5041     1009.67      0.1103      3.2274     33.9332    0.328369
      0.6741     1010.35        0.17      3.2274     33.9894    0.273849
       0.652        1011     -0.0221      3.2274     34.0447     0.39154
      0.5668     1011.57     -0.0852      3.2274      34.027    0.438772
      0.4778     1012.04      -0.089      3.2274     34.1465    0.450842
      0.3957     1012.44     -0.0821      3.2274     34.3781    0.455733
       0.356      1012.8     -0.0397      3.2274     34.6005     0.43466
      0.3471     1013.14     -0.0089      3.2274     34.7923    0.417159
      0.1911     1013.33      -0.156      3.2274     34.9976    0.522579
      0.0234     1013.36     -0.1677      3.2274     35.2322    0.548046
      0.1222     1013.48      0.0988      3.2274     35.4647    0.377278
      0.1781     1013.66      0.0559      3.2274     35.7891    0.396869
      0.1645     1013.82     -0.0136      3.2274     35.9452    0.440065
      0.1939     1014.02      0.0294      3.2274      36.074    0.411031
      0.1726     1014.19     -0.0213      3.2274     36.2605    0.443794
      0.1002     1014.29     -0.0724      3.2274      36.413    0.482418
      0.0032     1014.29      -0.097      3.2274      36.569    0.507848
      0.0818     1014.37      0.0786      3.2274     36.8515    0.393842
      0.0807     1014.46     -0.0011      3.2274     37.1279    0.441783
      0.0945     1014.55      0.0138      3.2274     37.2646    0.431325
      0.1275     1014.68       0.033      3.2274     37.4316    0.416175
      0.1852     1014.86      0.0577      3.2274     37.5962    0.395008
      0.2658     1015.13      0.0806      3.2274      37.739    0.372402
      0.3646     1015.49      0.0988      3.2274     37.8509    0.350614
      0.4639     1015.96      0.0993      3.2274     37.9407    0.339391
      0.4404      1016.4     -0.0235      3.2274     37.9716    0.415656
      0.3931     1016.79     -0.0473      3.2274     38.0005    0.435139
      0.3537     1017.14     -0.0394      3.2274     38.1143    0.434733
      0.3302     1017.47     -0.0235      3.2274      38.267    0.427778
      0.2772     1017.75      -0.053      3.2274     38.3976    0.451308
      0.1376     1017.89     -0.1396      3.2274      38.545    0.518624
      0.0262     1017.92     -0.1114      3.2274     38.7162    0.513958
      0.0456     1017.96      0.0194      3.2274     39.0054    0.433344
      0.0419        1018     -0.0037      3.2274     39.2643    0.447611
      0.0244     1018.03     -0.0175      3.2274      39.424    0.457816
      0.1458     1018.17      0.1214      3.2274     39.5849    0.361122
      0.3358     1018.51        0.19      3.2274     39.7874    0.299062
       0.421     1018.93      0.0852      3.2274     39.8391     0.35257
      0.4722      1019.4      0.0512      3.2274     39.7855    0.367338
      0.5023      1019.9      0.0301      3.2274     39.7904    0.376687
      0.5275     1020.43      0.0252      3.2274     39.8289    0.376855
      0.5409     1020.97      0.0134      3.2274     39.8816    0.382461
      0.3727     1021.35     -0.1682      3.2274      39.954    0.509923
      0.2663     1021.61     -0.1064      3.2274     40.0042    0.484547
      0.1572     1021.77     -0.1091      3.2274     40.2004    0.498168
      0.0872     1021.86       -0.07      3.2274     40.4079    0.482408
      0.0634     1021.92     -0.0238      3.2274     40.6241    0.457306
      0.0902     1022.01      0.0268      3.2274     40.8247    0.423998
       0.164     1022.17      0.0738      3.2274     40.9903     0.38768
      0.2748     1022.45      0.1108      3.2274     41.1073    0.353292
      0.4312     1022.88      0.1564      3.2274     41.1784    0.308728
      0.5113     1023.39      0.0801      3.2274     41.1872    0.345697
      0.5027     1023.89     -0.0086      3.2274     41.1182    0.399863
      0.4741     1024.37     -0.0286      3.2274     41.1044    0.415009
      0.4148     1024.78     -0.0593      3.2274     41.1755    0.439952
      0.3569     1025.14     -0.0579      3.2274     41.2648    0.445481
      0.2688     1025.41     -0.0881      3.2274     41.3857    0.473292
      0.1232     1025.53     -0.1456      3.2274     41.5183    0.523808
      0.0182     1025.55      -0.105      3.2274     41.6541    0.510998
      0.0814     1025.63      0.0632      3.2274     41.9165    0.403126
      0.1099     1025.74      0.0285      3.2274     42.1396    0.420811
      0.0808     1025.82     -0.0291      3.2274     42.2257    0.458572
      0.0036     1025.83     -0.0772      3.2274     42.3114    0.495924
      0.1306     1025.96       0.127      3.2274     42.4459    0.359434
      0.2431      1026.2      0.1125      3.2274     42.6307    0.355759
      0.3152     1026.51      0.0721      3.2274     42.6533    0.372068
      0.3744     1026.89      0.0592      3.2274     42.6412    0.373296
       0.419     1027.31      0.0446      3.2274     42.6526     0.37715
      0.4341     1027.74      0.0151      3.2274     42.6671    0.393189
      0.4265     1028.17     -0.0076      3.2274     42.6865    0.407645
       0.399     1028.57     -0.0275      3.2274     42.7263     0.42261
      0.2431     1028.81     -0.1559      3.2274     42.7867    0.516799
       0.038     1028.85     -0.2051      3.2274     42.8536     0.56888
      0.1951     1029.04      0.1571      3.2274     43.0381    0.334279
      0.4084     1029.45      0.2133      3.2274     43.3455    0.277096
      0.4836     1029.94      0.0752      3.2274     43.3522    0.351684
      0.4606      1030.4      -0.023      3.2274     43.2147    0.413134
      0.3089      1030.7     -0.1517      3.2274     43.1713    0.507041
      0.1368     1030.84     -0.1721      3.2274     43.2138    0.538212
      0.1082     1030.95     -0.0286      3.2274     43.3854    0.455258
      0.3638     1031.31      0.2556      3.2274     43.6153    0.256622
      0.5913     1031.91      0.2275      3.2274     43.7565    0.248457
      0.6194     1032.52      0.0281      3.2274     43.6192    0.365006
      0.5637     1033.09     -0.0557      3.2274     43.4315    0.421413
      0.4062     1033.49     -0.1575      3.2274     43.3975    0.499818
      0.2211     1033.72     -0.1851      3.2274     43.4574    0.536739
       0.024     1033.74     -0.1971      3.2274     43.6141     0.56562
      0.1513     1033.89      0.1273      3.2274     43.8317    0.356977
      0.2775     1034.17      0.1262      3.2274     44.0905    0.343755
      0.3361      1034.5      0.0586      3.2274     44.0998    0.377869
       0.333     1034.84     -0.0031      3.2274     44.0542     0.41523
      0.3361     1035.17      0.0031      3.2274      44.051    0.411169
      0.2634     1035.44     -0.0727      3.2274     44.1114    0.464646
        0.12     1035.56     -0.1434      3.2274     44.1722     0.52284
      0.0152     1035.57     -0.1048      3.2274     44.2661    0.511208
      0.1892     1035.76       0.174      3.2274      44.458    0.324788
      0.3811     1036.14      0.1919      3.2274     44.6809    0.292939
      0.5138     1036.66      0.1327      3.2274     44.6382    0.313862
      0.5933     1037.25      0.0795      3.2274     44.5092    0.337037
      0.5951     1037.84      0.0018      3.2274     44.4231    0.383459
      0.4826     1038.33     -0.1125      3.2274     44.3679    0.464414
      0.2142     1038.54     -0.2684      3.2274      44.369    0.587478
      0.0199     1038.56     -0.1943      3.2274      44.449    0.564391
      0.2243     1038.79      0.2044      3.2274     44.7302    0.302687
      0.3513     1039.14       0.127      3.2274     44.9492    0.335157
      0.4282     1039.57      0.0769      3.2274     44.8763    0.356758
      0.4119     1039.98     -0.0163      3.2274     44.7992    0.414471
      0.3099     1040.29      -0.102      3.2274     44.7588    0.477111
      0.1866     1040.47     -0.1233      3.2274     44.8111    0.503454
      0.0899     1040.56     -0.0967      3.2274     44.9094    0.498131
      0.0427     1040.61     -0.0472      3.2274      45.075    0.473623
       0.178     1040.78      0.1353      3.2274     45.2409     0.34924
      0.3006     1041.08      0.1226      3.2274     45.3716    0.343374
      0.3931     1041.48      0.0925      3.2274     45.3449    0.351259
      0.4435     1041.92      0.0504      3.2274     45.2816    0.370975
      0.4418     1042.36     -0.0017      3.2274     45.2204    0.402422
      0.3086     1042.67     -0.1332      3.2274     45.1921    0.495974
      0.0967     1042.77     -0.2119      3.2274     45.2104    0.566503
      0.1284      1042.9      0.0317      3.2274     45.3385    0.416856
      0.3278     1043.22      0.1994      3.2274     45.5609    0.294302
      0.4805     1043.71      0.1527      3.2274      45.624    0.305525
      0.5168     1044.22      0.0363      3.2274     45.5301    0.371372
        0.47     1044.69     -0.0468      3.2274     45.4018     0.42638
      0.3007     1044.99     -0.1693      3.2274     45.3622    0.518503
      0.0795     1045.07     -0.2212      3.2274     45.4079    0.573975
      0.1496     1045.22      0.0701      3.2274     45.5973    0.391484
      0.1987     1045.42      0.0491      3.2274     45.7954    0.398683
      0.2168     1045.64      0.0181      3.2274     45.8272    0.415292
      0.1792     1045.82     -0.0376      3.2274     45.8375    0.452848
      0.1212     1045.94      -0.058      3.2274     45.8636    0.471468
      0.0176     1045.96     -0.1036      3.2274     45.9571    0.510224
      0.0744     1046.03      0.0568      3.2274     46.0662    0.407736
      0.1622     1046.19      0.0878      3.2274     46.2488    0.379478
      0.2646     1046.46      0.1024      3.2274     46.2912    0.359454
       0.336     1046.79      0.0714      3.2274     46.2738      0.3702
      0.3502     1047.14      0.0142      3.2274     46.2232    0.402958
      0.2856     1047.43     -0.0646      3.2274      46.178    0.457344
      0.1639     1047.59     -0.1217      3.2274     46.1843    0.504991
      0.0033      1047.6     -0.1606      3.2274     46.2634    0.545997
       0.197     1047.79      0.1937      3.2274     46.4088     0.31211
      0.1757     1047.97     -0.0213      3.2274     46.6091    0.443453
      0.1009     1048.07     -0.0748      3.2274     46.4911    0.483781
      0.0183     1048.09     -0.0826      3.2274      46.511    0.497547
      0.1055     1048.19      0.0872      3.2274     46.6403    0.386075
      0.1975     1048.39       0.092      3.2274     46.7772    0.373075
      0.2545     1048.64       0.057      3.2274     46.7782    0.387805
        0.26      1048.9      0.0055      3.2274     46.7408      0.4181
       0.209     1049.11      -0.051      3.2274     46.7211     0.45761
      0.0829      1049.2     -0.1261      3.2274     46.7483    0.516541
      0.1346     1049.33      0.0517      3.2274     46.7961    0.404174
       0.131     1049.46     -0.0036      3.2274     47.0028     0.43775
      0.2103     1049.67      0.0793      3.2274     47.0286    0.379287
      0.2831     1049.96      0.0728      3.2274      47.073    0.375179
      0.3221     1050.28       0.039      3.2274     47.0475    0.391169
      0.3113     1050.59     -0.0108      3.2274     47.0054    0.422237
      0.3343     1050.92       0.023      3.2274      46.986    0.399427
      0.3668     1051.29      0.0325      3.2274     47.0051    0.390152
      0.3591     1051.65     -0.0077      3.2274     47.0073    0.415119
      0.2802     1051.93     -0.0789      3.2274     46.9884    0.466518
      0.1534     1052.08     -0.1268      3.2274     47.0032    0.509206
      0.0739     1052.16     -0.0795      3.2274     47.0861    0.489571
      0.1617     1052.32      0.0878      3.2274     47.2297    0.379533
      0.2719     1052.59      0.1102      3.2274     47.3263    0.353971
      0.3824     1052.97      0.1105      3.2274     47.2466    0.341636
      0.4249      1053.4      0.0425      3.2274     47.1707    0.377761
        0.39     1053.79     -0.0349      3.2274     47.0766     0.42804
      0.2728     1054.06     -0.1172      3.2274     47.0323    0.490312
      0.1199     1054.18     -0.1529      3.2274     47.0539    0.528551
      0.1498     1054.33      0.0299      3.2274     47.1878    0.415582
      0.4045     1054.73      0.2547      3.2274     47.3579    0.252685
      0.5461     1055.28      0.1416      3.2274     47.3816    0.304969
      0.4379     1055.72     -0.1082      3.2274     47.1886    0.466751
      0.2941     1056.01     -0.1438      3.2274     47.0574    0.503929
      0.0874      1056.1     -0.2067      3.2274     47.0933    0.564406
      0.1484     1056.25       0.061      3.2274     47.2168    0.397076
      0.7412     1056.99      0.5928      3.2274     47.4475    0.012788
      1.1731     1058.16      0.4319      3.2274     47.4499    0.061819
      1.4338      1059.6      0.2607      3.2274     46.7604    0.135862
      1.4651     1061.06      0.0313      3.2274      46.266    0.270059
      1.2776     1062.34     -0.1875      3.2274     45.8527    0.421964
      1.0713     1063.41     -0.2063      3.2274     45.6568    0.455937
