#    p_error     i_error     d_error   max_error       speed     control
           0           0           0           0           0           0
           0           0           0           0           0           0
      0.7598      0.7598      0.7598      0.7598       0.438   -0.089458
      0.7598      1.5196           0      0.7598       0.438    0.366422
      0.7598      2.2794           0      0.7598        2.19    0.366422
      0.7598      3.0392           0      0.7598       4.818    0.366422
      0.7599      3.7991      0.0001      0.7599      6.7858    0.366351
      0.7598      4.5589     -0.0001      0.7599       0.464    0.366482
      0.7595      5.3184     -0.0003      0.7599      1.7678    0.366635
      0.7589      6.0773     -0.0006      0.7599      0.6679    0.366881
      0.7584      6.8357     -0.0005      0.7599      0.7152    0.366876
      0.7578      7.5935     -0.0006      0.7599      0.8371    0.367002
      0.7568      8.3503      -0.001      0.7599      0.9809    0.367352
      0.7558      9.1061      -0.001      0.7599       1.188    0.367462
      0.7539        9.86     -0.0019      0.7599      1.4522    0.368211
      0.7519     10.6119      -0.002      0.7599      1.7379    0.368491
        0.75     11.3619     -0.0019      0.7599       1.982     0.36864
      0.7459     12.1078     -0.0041      0.7599      2.4312    0.370411
      0.7424     12.8502     -0.0035      0.7599      2.8109    0.370436
      0.7371     13.5873     -0.0053      0.7599      3.2987    0.372099
      0.7307      14.318     -0.0064      0.7599      3.8074    0.373463
      0.7229     15.0409     -0.0078      0.7599      4.3061    0.375161
      0.7169     15.7578      -0.006      0.7599      4.6326    0.374741
      0.7065     16.4643     -0.0104      0.7599        5.12    0.378525
      0.6942     17.1585     -0.0123      0.7599       5.601    0.381018
      0.6824     17.8409     -0.0118      0.7599      6.0019    0.382016
      0.6663     18.5072     -0.0161      0.7599      6.4812    0.386367
      0.6476     19.1548     -0.0187      0.7599      6.9561    0.389984
      0.6263     19.7811     -0.0213      0.7599      7.4313    0.393887
      0.6106     20.3917     -0.0157      0.7599       7.906    0.392254
      0.5973      20.989     -0.0133      0.7599      8.3804    0.392277
      0.5873     21.5763       -0.01      0.7599      8.6919    0.391397
      0.5759     22.1522     -0.0114      0.7599       9.231    0.393491
       0.566     22.7182     -0.0099      0.7599      9.6856     0.39368
      0.5525     23.2707     -0.0135      0.7599     10.1375    0.397325
       0.535     23.8057     -0.0175      0.7599     10.5841     0.40165
       0.513     24.3187      -0.022      0.7599     11.0304     0.40677
      0.4862     24.8049     -0.0268      0.7599     11.6289    0.412598
      0.4606     25.2655     -0.0256      0.7599      11.811    0.414694
      0.4374     25.7029     -0.0232      0.7599     12.1041    0.415806
      0.4049     26.1078     -0.0325      0.7599     12.5295    0.424961
      0.3682      26.476     -0.0367      0.7599     12.6723    0.431518
      0.3359     26.8119     -0.0323      0.7599     12.8597    0.432431
      0.3011      27.113     -0.0348      0.7599     13.3288    0.437759
       0.233      27.346     -0.0681      0.7599     14.0401     0.46523
      0.1671     27.5131     -0.0659      0.7599     14.6447    0.471159
      0.1081     27.6212      -0.059      0.7599     14.8788    0.473509
        0.02     27.6412     -0.0881      0.7599     15.5239     0.50066
       0.062     27.7032       0.042      0.7599     15.9603     0.41798
      0.1482     27.8514      0.0862      0.7599     16.4303    0.381978
      0.2229     28.0743      0.0747      0.7599     16.9453    0.380661
      0.3301     28.4044      0.1072      0.7599     17.1129    0.349369
       0.425     28.8294      0.0949      0.7599     17.4086     0.34631
      0.5197     29.3491      0.0947      0.7599     17.6876    0.336013
      0.6129      29.962      0.0932      0.7599     17.9591    0.326661
      0.7044     30.6664      0.0915      0.7599     18.2362    0.317616
      0.7785     31.4449      0.0741      0.7785     18.8142    0.319905
      0.8635     32.3084       0.085      0.8635     19.0398    0.304015
      0.9575     33.2659       0.094      0.9575      18.971    0.288275
      1.0278     34.2937      0.0703      1.0278      19.184    0.294762
      1.0663       35.36      0.0385      1.0663     19.3696    0.309607
      1.0741     36.4341      0.0078      1.0741     19.8313    0.327169
      1.0742     37.5083      0.0001      1.0742      20.032    0.331778
      1.0696     38.5779     -0.0046      1.0742     20.2554    0.335104
       1.061     39.6389     -0.0086      1.0742     20.4849     0.33845
      1.0482     40.6871     -0.0128      1.0742     20.7167    0.342378
      1.0311     41.7182     -0.0171      1.0742     20.9502    0.346839
      1.0133     42.7315     -0.0178      1.0742     20.9057    0.349217
      0.9878     43.7193     -0.0255      1.0742     21.1565    0.356642
      0.9525     44.6718     -0.0353      1.0742     21.6657    0.366405
      0.9176     45.5894     -0.0349      1.0742     21.9108    0.370004
      0.8857     46.4751     -0.0319      1.0742     21.9389    0.371713
       0.844     47.3191     -0.0417      1.0742     22.2176     0.38218
       0.798     48.1171      -0.046      1.0742     22.4981     0.38982
      0.7395     48.8566     -0.0585      1.0742     22.9326    0.403755
      0.6859     49.5425     -0.0536      1.0742     23.1991    0.406711
      0.6301     50.1726     -0.0558      1.0742     23.4859    0.414169
      0.5727     50.7453     -0.0574      1.0742     23.7788    0.421443
      0.5133     51.2586     -0.0594      1.0742     24.0812    0.429177
      0.4305     51.6891     -0.0828      1.0742     24.3923    0.452325
      0.3113     52.0004     -0.1192      1.0742     24.7118    0.487277
      0.2088     52.2092     -0.1025      1.0742     24.9989    0.488532
      0.0736     52.2828     -0.1352      1.0742     25.4572    0.523024
      0.0488     52.3316     -0.0248      1.0742      25.917    0.459512
      0.1393     52.4709      0.0905      1.0742      26.349    0.380377
      0.2123     52.6832       0.073      1.0742      26.698    0.382847
        0.26     52.9432      0.0477      1.0742     26.8982     0.39278
      0.3028      53.246      0.0428      1.0742     27.1206    0.391012
      0.3316     53.5776      0.0288      1.0742     27.3548    0.396244
      0.3477     53.9253      0.0161      1.0742     27.5851    0.402093
      0.3518     54.2771      0.0041      1.0742     27.8192    0.408842
      0.3473     54.6244     -0.0045      1.0742     28.0187    0.414497
       0.331     54.9554     -0.0163      1.0742     28.3064     0.42337
       0.337     55.2924       0.006      1.0742     28.5578     0.40933
      0.3829     55.6753      0.0459      1.0742     28.8184    0.380341
      0.4269     56.1022       0.044      1.0742     29.0588    0.376641
      0.4552     56.5574      0.0283      1.0742     29.2235    0.382948
      0.4767     57.0341      0.0215      1.0742     29.4393    0.384663
      0.4774     57.5115      0.0007      1.0742     29.6305    0.397066
      0.4528     57.9643     -0.0246      1.0742     29.8862    0.414952
      0.4162     58.3805     -0.0366      1.0742     30.0917    0.426178
      0.3762     58.7567       -0.04      1.0742     30.2813    0.432618
        0.32     59.0767     -0.0562      1.0742     30.5242     0.44852
       0.246     59.3227      -0.074      1.0742     30.8158     0.46734
      0.1785     59.5012     -0.0675      1.0742     31.0834    0.470865
      0.1144     59.6156     -0.0641      1.0742      31.374    0.475876
      0.1038     59.7194     -0.0106      1.0742      31.718    0.444942
      0.1269     59.8463      0.0231      1.0742     32.0159    0.422181
      0.1525     59.9988      0.0256      1.0742     32.2714    0.417865
      0.1728     60.1716      0.0203      1.0742     32.4883    0.418812
      0.1829     60.3545      0.0101      1.0742     32.7273    0.423821
      0.1772     60.5317     -0.0057      1.0742     32.9304    0.433928
      0.1617     60.6934     -0.0155      1.0742     33.1033    0.441513
      0.1249     60.8183     -0.0368      1.0742     33.3591    0.458341
      0.0812     60.8995     -0.0437      1.0742     33.5866    0.467288
      0.0204     60.9199     -0.0608      1.0742     33.8753    0.484236
      0.0362     60.9561      0.0158      1.0742     34.1333    0.436538
      0.1251     61.0812      0.0889      1.0742     34.6882    0.382899
      0.0699     61.1511     -0.0552      1.0742     34.8344    0.475431
      0.0393     61.1904     -0.0306      1.0742      34.969    0.464037
      0.1685     61.3589      0.1292      1.0742     35.2461    0.353945
      0.2468     61.6057      0.0783      1.0742       35.44    0.375872
      0.3176     61.9233      0.0708      1.0742     35.5412    0.372584
      0.3359     62.2592      0.0183      1.0742     35.6248    0.402071
      0.3312     62.5904     -0.0047      1.0742     35.6921    0.416388
      0.3104     62.9008     -0.0208      1.0742     35.7822    0.428336
      0.2543     63.1551     -0.0561      1.0742     35.9424    0.455687
      0.1877     63.3428     -0.0666      1.0742     36.0887    0.469313
      0.0986     63.4414     -0.0891      1.0742     36.2988    0.492614
      0.0461     63.4875     -0.0525      1.0742     36.5285    0.476429
      0.0009     63.4884     -0.0452      1.0742     36.7865    0.477021
      0.0436      63.532      0.0427      1.0742     37.0268    0.419584
      0.0951     63.6271      0.0515      1.0742     37.3003    0.408639
       0.131     63.7581      0.0359      1.0742      37.436     0.41405
      0.1774     63.9355      0.0464      1.0742     37.5905    0.402646
       0.207     64.1425      0.0296      1.0742     37.7034     0.40947
      0.2425      64.385      0.0355      1.0742      37.844    0.402025
      0.1932     64.5782     -0.0493      1.0742     37.9695    0.458328
      0.0515     64.6297     -0.1417      1.0742     38.0855    0.529355
      0.1126     64.7423      0.0611      1.0742     38.2975    0.400954
      0.2291     64.9714      0.1165      1.0742     38.5646    0.354899
      0.3003     65.2717      0.0712      1.0742     38.6852    0.374247
      0.3165     65.5882      0.0162      1.0742     38.7288    0.405465
      0.2661     65.8543     -0.0504      1.0742     38.7997    0.450969
      0.1887      66.043     -0.0774      1.0742     38.8851    0.475683
      0.0395     66.0825     -0.1492      1.0742     39.0786    0.535175
      0.1117     66.1942      0.0722      1.0742     39.2802    0.394393
      0.2654     66.4596      0.1537      1.0742     39.5528    0.328586
      0.4021     66.8617      0.1367      1.0742     39.6631    0.323749
      0.4089     67.2706      0.0068      1.0742     39.6632    0.400941
      0.2264      67.497     -0.1825      1.0742     39.6378    0.534596
      0.0352     67.5322     -0.1912      1.0742     39.7126    0.560848
      0.1526     67.6848      0.1174      1.0742     39.9417    0.362774
      0.3028     67.9876      0.1502      1.0742     40.2382    0.326572
      0.3945     68.3821      0.0917      1.0742      40.299    0.351585
      0.4238     68.8059      0.0293      1.0742     40.2775    0.385802
      0.4967     69.3026      0.0729      1.0742      40.286    0.351623
      0.5035     69.8061      0.0068      1.0742     40.3316    0.390535
      0.4379      70.244     -0.0656      1.0742     40.3487    0.441191
      0.3154     70.5594     -0.1225      1.0742      40.409    0.488806
      0.1476      70.707     -0.1678      1.0742     40.5394    0.534444
      0.0475     70.7545     -0.1001      1.0742     40.7353    0.504835
      0.0302     70.7847     -0.0173      1.0742     40.9474    0.457058
      0.0594     70.8441      0.0292      1.0742     41.1728    0.425946
      0.1609      71.005      0.1015      1.0742      41.331    0.371401
      0.2576     71.2626      0.0967      1.0742     41.4492    0.363644
      0.3003     71.5629      0.0427      1.0742     41.4796    0.391347
       0.292     71.8549     -0.0083      1.0742     41.4903     0.42286
      0.2434     72.0983     -0.0486      1.0742     41.5295    0.452386
      0.1406     72.2389     -0.1028      1.0742     41.6238    0.496214
      0.0009     72.2398     -0.1397      1.0742     41.7599    0.533721
      0.1663     72.4061      0.1654      1.0742     41.9527    0.332467
      0.3359      72.742      0.1696      1.0742     42.1963    0.311291
       0.338       73.08      0.0021      1.0742     42.2063     0.41156
      0.2132     73.2932     -0.1248      1.0742      42.136    0.501428
      0.0377     73.3309     -0.1755      1.0742     42.1996    0.551153
      0.1073     73.4382      0.0696      1.0742     42.3684    0.396437
      0.2512     73.6894      0.1439      1.0742     42.6127    0.336028
      0.5593     74.2487      0.3081      1.0742     42.6816    0.203617
       0.878     75.1267      0.3187      1.0742     42.6467      0.1622
      1.0886     76.2153      0.2106      1.0886      42.386    0.203894
      1.1497      77.365      0.0611      1.1497     42.0549    0.286873
      1.0501     78.4151     -0.0996      1.1497     41.8064    0.394249
      0.7676     79.1827     -0.2825      1.1497     41.6768    0.535064
      0.7436     79.9263      -0.024      1.1497     41.7043    0.382604
      0.7163     80.6426     -0.0273      1.1497     41.9561    0.387587
      0.6666     81.3092     -0.0497      1.1497     42.0095    0.406494
      0.5814     81.8906     -0.0852      1.1497     42.0377    0.437166
      0.4969     82.3875     -0.0845      1.1497     42.1121    0.446041
      0.5675      82.955      0.0706      1.1497     42.2001    0.345215
      0.6185     83.5735       0.051      1.1497     42.3236    0.351365
      0.6094     84.1829     -0.0091      1.1497     42.2965    0.388426
      0.5216     84.7045     -0.0878      1.1497     42.2717    0.445304
      0.3588     85.0633     -0.1628      1.1497     42.3029    0.508212
      0.1739     85.2372     -0.1849      1.1497      42.394    0.541811
      0.1296     85.3668     -0.0443      1.1497     42.6271    0.462324
      0.3779     85.7447      0.2483      1.1497     42.8337    0.259451
       0.658     86.4027      0.2801      1.1497     42.9888     0.20956
      0.8422     87.2449      0.1842      1.1497     42.8315    0.246838
      0.9416     88.1865      0.0994      1.1497     42.5888    0.286784
       0.956     89.1425      0.0144      1.1497     42.3845      0.3362
        1.04     90.1825       0.084      1.1497     42.2596      0.2852
      1.0156     91.1981     -0.0244      1.1497      42.221    0.352924
      0.8638     92.0619     -0.1518      1.1497     42.1079    0.446062
        0.64     92.7019     -0.2238      1.1497     42.0859     0.51388
      0.6813     93.3832      0.0413      1.1497     42.2165    0.350277
      0.7334     94.1166      0.0521      1.1497     42.3869    0.338066
      0.7183     94.8349     -0.0151      1.1497     42.3689    0.380047
      0.6501      95.485     -0.0682      1.1497      42.333    0.419409
      0.4262     95.9112     -0.2239      1.1497     42.3486    0.537458
      0.1359     96.0471     -0.2903      1.1497     42.4241    0.609231
      0.2157     96.2628      0.0798      1.1497     42.6505    0.378393
      0.2415     96.5043      0.0258      1.1497     42.9815    0.407955
      0.1474     96.6517     -0.0941      1.1497     43.0362    0.490246
      0.0625     96.7142     -0.0849      1.1497     43.0623    0.494065
       0.009     96.7232     -0.0535      1.1497     43.2097     0.48111
      0.0038      96.727     -0.0052      1.1497     43.3455    0.452702
      0.0969     96.8239      0.0931      1.1497     43.5491    0.383481
      0.0979     96.9218       0.001      1.1497     43.6742    0.438631
       0.171     97.0928      0.0731      1.1497     43.7096     0.38733
      0.3116     97.4044      0.1406      1.1497     43.7863    0.331364
       0.394     97.7984      0.0824      1.1497     43.8201     0.35722
      0.3163     98.1147     -0.0777      1.1497     43.7631    0.461827
      0.2842     98.3989     -0.0321      1.1497     43.7338    0.437998
      0.2933     98.6922      0.0091      1.1497     43.7968    0.412277
      0.3811     99.0733      0.0878      1.1497     43.9038    0.355399
      0.5257      99.599      0.1446      1.1497     43.9643    0.305413
      0.7592     100.358      0.2335      1.1497      43.947    0.226388
      0.9521      101.31      0.1929      1.1497     43.8747    0.229529
      1.0255     102.336      0.0734      1.1497     43.6679    0.293155
      1.0055     103.341       -0.02      1.1497     43.4558    0.351395
      0.9607     104.302     -0.0448      1.1497     43.3291    0.371203
      0.9065     105.209     -0.0542      1.1497     43.2856    0.382805
      0.8535     106.062      -0.053      1.1497     43.2813    0.387915
      0.8225     106.885      -0.031      1.1497     43.2936    0.378125
      0.6481     107.533     -0.1744      1.1497     43.3186    0.483349
      0.4797     108.012     -0.1684      1.1497     43.3342    0.498273
      0.3759     108.388     -0.1038      1.1497     43.4294    0.470931
      0.3174     108.706     -0.0585      1.1497     43.6252    0.450186
      0.3565     109.062      0.0391      1.1497     43.7728    0.387325
      0.4746     109.537      0.1181      1.1497     43.8899    0.326934
       0.692     110.229      0.2174      1.1497     43.9294     0.24344
      0.8786     111.107      0.1866      1.1497     43.8843    0.241394
      1.0929       112.2      0.2143      1.1497     43.6976    0.201201
      1.1553     113.356      0.0624      1.1553        43.5    0.285477
      1.1222     114.478     -0.0331      1.1553     43.2517    0.346418
      1.0312     115.509      -0.091      1.1553     43.1131    0.391168
      0.9009      116.41     -0.1303      1.1553     43.0682    0.429081
      0.7534     117.163     -0.1475      1.1553     43.0897    0.455626
      0.6117     117.775     -0.1417      1.1553     43.1651    0.467733
      0.4802     118.255     -0.1315      1.1553     43.3002    0.476078
      0.4127     118.668     -0.0675      1.1553     43.4367    0.445103
      0.3972     119.065     -0.0155      1.1553     43.5852    0.415608
      0.4341     119.499      0.0369      1.1553     43.7005    0.380109
      0.5305      120.03      0.0964      1.1553     43.7819    0.333805
      0.6429     120.673      0.1124      1.1553     43.8004    0.311841
      0.7476      121.42      0.1047      1.1553     43.7501    0.304944
       0.799     122.219      0.0514      1.1553     43.6844     0.33127
        0.47     122.689      -0.329      1.1553     43.5534      0.5957
      0.1771     122.866     -0.2929      1.1553     43.4751    0.606259
      0.0684     122.935     -0.1087      1.1553     43.6589    0.507696
      0.2221     123.157      0.1537      1.1553     43.9098    0.333349
      0.3238     123.481      0.1017      1.1553      44.107    0.353362
      0.3185     123.799     -0.0053      1.1553     44.0726    0.418145
      0.2111      124.01     -0.1074      1.1553     44.0345    0.491219
      0.0242     124.034     -0.1869      1.1553     44.0824    0.559478
      0.2553      124.29      0.2311      1.1553     44.2556    0.283257
      0.5086     124.798      0.2533      1.1553     44.4914    0.242074
      0.7286     125.527        0.22      1.1553     44.3904    0.237854
      0.8592     126.386      0.1306      1.1553       44.22    0.277128
      0.9393     127.325      0.0801      1.1553     43.9712    0.298617
      0.9071     128.232     -0.0322      1.1553     43.8178    0.369539
      0.7608     128.993     -0.1463      1.1553     43.6842    0.454092
      0.5599     129.553     -0.2009      1.1553     43.6624    0.508951
      0.4037     129.957     -0.1562      1.1553     43.7149    0.499313
      0.1295     130.086     -0.2742      1.1553     43.9145    0.600275
      0.0833      130.17     -0.0462      1.1553     44.0921    0.468557
      0.2452     130.415      0.1619      1.1553     44.3656    0.325888
      0.3285     130.743      0.0833      1.1553     44.5177    0.363885
       0.332     131.075      0.0035      1.1553      44.484     0.41138
      0.2611     131.336     -0.0709      1.1553     44.4529    0.463819
      0.1233      131.46     -0.1378      1.1553     44.4891    0.519117
      0.0912     131.551     -0.0321      1.1553     44.6167    0.459228
      0.3228     131.874      0.2316      1.1553     44.8294    0.275532
        0.47     132.344      0.1472      1.1553     44.9218     0.30998
      0.6065      132.95      0.1365      1.1553     44.7627    0.301385
      0.6417     133.592      0.0352      1.1553     44.6461    0.358293
      0.5968     134.189     -0.0449      1.1553     44.5276    0.411292
      0.4768     134.666       -0.12      1.1553     44.4827    0.469552
      0.3009     134.966     -0.1759      1.1553     44.5148    0.522441
      0.0957     135.062     -0.2052      1.1553      44.625    0.562593
      0.1717     135.234       0.076      1.1553     44.8718    0.385513
      0.3093     135.543      0.1376      1.1553     45.0684    0.333417
       0.495     136.038      0.1857      1.1553     45.0876     0.28413
      0.5404     136.579      0.0454      1.1553     45.0243    0.363316
      0.4361     137.015     -0.1043      1.1553     44.8545    0.464609
      0.3541     137.369      -0.082      1.1553     44.8132    0.460249
      0.1778     137.547     -0.1763      1.1553     44.9212    0.536222
      0.0015     137.548     -0.1763      1.1553     45.0326    0.555615
      0.2074     137.755      0.2059      1.1553     45.2589    0.303646
      0.3486     138.104      0.1412      1.1553      45.491    0.326934
      0.4315     138.536      0.0829      1.1553     45.4179    0.352795
      0.4548      138.99      0.0233      1.1553     45.3047    0.385992
      0.3856     139.376     -0.0692      1.1553     45.2955    0.449104
      0.2526     139.629      -0.133      1.1553     45.2277    0.502014
      0.0921     139.721     -0.1605      1.1553     45.3012    0.536169
      0.3428     140.063      0.2507      1.1553     45.4574    0.261872
      0.7944     140.858      0.4516      1.1553     45.6878    0.091656
      1.0994     141.957       0.305      1.1553      45.471    0.146066
      1.2504     143.208       0.151      1.2504     44.9978    0.221856
       1.221     144.429     -0.0294      1.2504     44.6184     0.33333
      1.0211      145.45     -0.1999      1.2504     44.3749    0.457619
      0.7625     146.212     -0.2586      1.2504     44.2928    0.521285
      0.5852     146.797     -0.1773      1.2504     44.3706    0.492008
      0.3782     147.176      -0.207      1.2504     44.5469    0.532598
      0.2046      147.38     -0.1736      1.2504     44.6881    0.531654
      0.0179     147.398     -0.1867      1.2504     44.9299    0.560051
      0.1717      147.57      0.1538      1.2504     45.1442    0.338833
      0.2738     147.844      0.1021      1.2504     45.3825    0.358622
      0.0788     147.922      -0.195      1.2504     45.3223    0.558332
       0.402     148.324      0.3232      1.2504      45.289     0.21186
      0.7807     149.105      0.3787      1.2504     45.3821    0.136903
      1.4487     150.554       0.668      1.4487     45.1545   -0.110157
      2.2154     152.769      0.7667      2.2154     44.6713   -0.253714
      2.5816     155.351      0.3662      2.5816     42.6937   -0.053696
      2.7362     158.087      0.1546      2.7362     39.5728    0.056258
      2.6062     160.693       -0.13      2.7362     37.6668    0.241318
      2.5549     163.248     -0.0513      2.7362      35.916    0.199741
      2.5899     165.838       0.035      2.7362     35.8681    0.144111
      2.4866     168.325     -0.1033      2.7362     35.7251    0.238454
      2.2605     170.585     -0.2261      2.7362     35.4791    0.337005
      2.2316     172.817     -0.0289      2.7362     35.3879    0.221864
      2.5573     175.374      0.3257      2.7362     35.4354   -0.026723
      2.7531     178.127      0.1958      2.7531      35.316    0.029679
      2.8099     180.937      0.0568      2.8099      33.364    0.106831
      2.7044     183.641     -0.1055      2.8099     32.7643    0.215816
      2.4645     186.106     -0.2399      2.8099     32.4976    0.322845
       2.399     188.505     -0.0655      2.8099     32.3903     0.22541
      2.3681     190.873     -0.0309      2.8099      32.439    0.208049
      2.1815     193.054     -0.1866      2.8099     32.3316    0.321995
      1.9144     194.969     -0.2671      2.8099     32.2158    0.399676
       1.546     196.515     -0.3684      2.8099      32.286     0.50098
      1.4615     197.976     -0.0845      2.8099       32.43    0.339935
      1.3118     199.288     -0.1497      2.8099     32.7968    0.395522
      1.1188     200.407      -0.193      2.8099     32.8806    0.442732
       0.852     201.259     -0.2668      2.8099     33.0334     0.51636
      0.5192     201.778     -0.3328      2.8099     33.2603    0.592568
      0.1167     201.895     -0.4025      2.8099     33.6437    0.678663
      0.0611     201.956     -0.0556      2.8099     34.0735    0.476639
      0.0067     201.963     -0.0544      2.8099     34.6132    0.481903
      0.0788     202.042      0.0721      2.8099      34.879    0.398072
      0.2547     202.296      0.1759      2.8099     35.1722    0.316443
       0.475     202.771      0.2203      2.8099     35.3281     0.26557
       0.723     203.494       0.248      2.8099     35.3699     0.22167
      0.9625     204.457      0.2395      2.8099       35.33    0.200425
      1.1792     205.636      0.2167      2.8099     35.2415    0.190268
      1.4476     207.084      0.2684      2.8099      35.099    0.129724
      1.7622     208.846      0.3146      2.8099     34.9148    0.067398
      2.0198     210.866      0.2576      2.8099     34.6779    0.073262
      2.1643      213.03      0.1445      2.8099     34.4037    0.125227
      2.1137     215.144     -0.0506      2.8099     34.0256    0.247853
      2.0445     217.188     -0.0692      2.8099     33.8172    0.266625
      1.9392     219.127     -0.1053      2.8099     33.7118    0.299868
      1.8733     221.001     -0.0659      2.8099     33.6787    0.283477
      1.8159     222.816     -0.0574      2.8099     33.6848    0.284691
      1.7863     224.603     -0.0296      2.8099     33.6825    0.271267
      1.7843     226.387      -0.002      2.8099     33.6792    0.254927
      1.8075     228.195      0.0232      2.8099     33.6597    0.237255
      1.8498     230.044      0.0423      2.8099     33.6173    0.221142
      1.9033     231.948      0.0535      2.8099     33.5494    0.208537
      1.9503     233.898       0.047      2.8099     33.4738    0.207267
      2.0017       235.9      0.0514      2.8099      33.364    0.198973
      2.0421     237.942      0.0404      2.8099     33.2522    0.201129
      2.0679      240.01      0.0258      2.8099     33.1107    0.207051
      2.0675     242.077     -0.0004      2.8099     32.9932    0.222815
      2.0496     244.127     -0.0179      2.8099     32.9033    0.235284
      1.9986     246.125      -0.051      2.8099     32.8053    0.260754
      1.9316     248.057      -0.067      2.8099     32.7413    0.277724
      1.8401     249.897     -0.0915      2.8099     32.7129    0.302489
      1.7282     251.625     -0.1119      2.8099     32.7113    0.327038
      1.6273     253.253     -0.1009      2.8099     32.7378    0.331537
      1.4814     254.734     -0.1459      2.8099     32.8175    0.374586
      1.3337     256.068     -0.1477      2.8099      32.907    0.391913
      1.2316     257.299     -0.1021      2.8099     33.0128    0.375784
      1.1194     258.419     -0.1122      2.8099     33.1698    0.394186
      1.0011      259.42     -0.1183      2.8099     33.3313    0.410859
      0.9239     260.344     -0.0772      2.8099     33.4617    0.394691
      0.8412     261.185     -0.0827      2.8099     33.6413    0.407088
      0.7672     261.952      -0.074      2.8099     33.8019    0.410008
      0.7213     262.673     -0.0459      2.8099     33.9155    0.398197
      0.6572     263.331     -0.0641      2.8099     34.0913    0.416168
      0.5954     263.926     -0.0618      2.8099     34.2503    0.421586
      0.5463     264.472     -0.0491      2.8099     34.4279    0.419367
       0.669     265.141      0.1227      2.8099     34.6136     0.30279
      0.8858     266.027      0.2168      2.8099     34.7953    0.222482
      1.0834      267.11      0.1976      2.8099     34.8097    0.212266
      1.1871     268.298      0.1037      2.8099     34.7289    0.257199
      1.2913     269.589      0.1042      2.8099     34.5654    0.245437
      1.4751     271.064      0.1838      2.8099     34.5097    0.177459
       1.825     272.889      0.3499      2.8099     34.4365     0.03931
      2.0515      274.94      0.2265      2.8099     34.2894    0.088435
      2.2025     277.143       0.151      2.8099     33.9395    0.117125
      2.2793     279.422      0.0768      2.8099     33.5653    0.153197
      2.2294     281.652     -0.0499      2.8099     33.3517    0.234706
      2.0644     283.716      -0.165      2.8099     33.1566    0.321916
      1.9942      285.71     -0.0702      2.8099     33.0915    0.272758
      2.2882     287.998       0.294      2.8099     33.1483    0.021898
      2.4941     290.492      0.2059      2.8099     33.1384    0.052109
      2.5994     293.092      0.1053      2.8099     32.5833    0.100886
      2.4694     295.561       -0.13      2.8099     32.2664    0.256366
      2.8174     298.379       0.348      2.8174     32.0375   -0.068714
      3.1826     301.561      0.3652      3.1826     31.9917   -0.119206
       3.312     304.873      0.1294       3.312     30.4797     0.00804
      3.3606     308.234      0.0486      3.3606     28.9178    0.051174
      3.3432     311.577     -0.0174      3.3606     27.6146    0.092688
      3.1861     314.763     -0.1571      3.3606     27.2602    0.193789
       3.141     317.904     -0.0451      3.3606     27.0578     0.13155
      3.2255      321.13      0.0845      3.3606     27.0075    0.044495
      3.2683     324.398      0.0428      3.3606     26.8668    0.064807
      3.2013     327.599      -0.067      3.3606     26.5688    0.138057
      2.9797     330.579     -0.2216      3.3606       26.28    0.255193
      2.7362     333.315     -0.2435      3.3606     26.1761    0.295118
      2.4366     335.752     -0.2996      3.3606      26.217    0.361734
      1.9394     337.691     -0.4972      3.3606     26.3516    0.534986
       1.571     339.262     -0.3684      3.3606     26.5545     0.49823
      1.2252     340.487     -0.3458      3.3606     26.9815    0.522708
      0.8467     341.334     -0.3785      3.3606     27.3762    0.583963
      0.4312     341.765     -0.4155      3.3606     27.7965    0.651868
      0.0166     341.782     -0.4146      3.3606       28.29    0.696934
      0.4882      342.27      0.4716      3.3606     28.8747    0.113338
      0.8916     343.162      0.4034      3.3606     29.5201    0.109884
      1.1898     344.351      0.2982      3.3606      29.407    0.140202
      1.4695     345.821      0.2797      3.3606     29.2018    0.120535
      1.6925     347.513       0.223      3.3606     29.0618    0.130025
      1.9934     349.507      0.3009      3.3606      28.847    0.050186
      2.2434      351.75        0.25      3.3606     28.6747    0.053226
      2.4132     354.163      0.1698      3.3606      28.398    0.082668
      2.5409     356.704      0.1277      3.3606     28.1181    0.093881
      2.6346     359.339      0.0937      3.3606     27.9204    0.103974
      2.7359     362.075      0.1013      3.3606     27.7047    0.088271
      2.8138     364.889      0.0779      3.3606     27.5396    0.093742
      2.9119     367.801      0.0981      3.3606     27.2903    0.070831
      2.9853     370.786      0.0734      3.3606     27.0844    0.077577
      3.0461     373.832      0.0608      3.3606     26.8523    0.078449
      3.0856     376.918      0.0395      3.3606     26.6664    0.086884
       3.119     380.037      0.0334      3.3606      26.449     0.08687
      3.1381     383.175      0.0191      3.3606     26.2134    0.093349
      3.1392     386.314      0.0011      3.3606     26.0814    0.104028
      3.1178     389.432     -0.0214      3.3606     25.8638    0.119882
      3.0642     392.496     -0.0536      3.3606     25.6682    0.145098
      3.0234     395.519     -0.0408      3.3606     25.5728    0.141906
      2.9375     398.457     -0.0859      3.3606     25.4503    0.178415
      2.8485     401.305      -0.089      3.3606     25.3469    0.190065
      2.7819     404.087     -0.0666      3.3606     25.3098    0.183951
       2.654     406.741     -0.1279      3.3606     25.2704      0.2348
       2.509      409.25      -0.145      3.3606     25.2251     0.26101
      2.3971     411.647     -0.1119      3.3606     25.2451    0.253459
      2.2585     413.906     -0.1386      3.3606      25.314    0.284725
      2.1388     416.045     -0.1197      3.3606     25.3639    0.286552
      1.9654      418.01     -0.1734      3.3606     25.4793    0.337846
      1.8115     419.822     -0.1539      3.3606     25.6003    0.343075
      1.7232     421.545     -0.0883      3.3606     25.7697    0.313428
      1.6456      423.19     -0.0776      3.3606     25.9505    0.315544
      1.5619     424.752     -0.0837      3.3606     26.0899    0.328411
         1.5     426.252     -0.0619      3.3606     26.1817     0.32214
      1.3788     427.631     -0.1212      3.3606     26.3608    0.371052
      1.2805     428.912     -0.0983      3.3606      26.482    0.368125
      1.1521     430.064     -0.1284      3.3606     26.6895    0.400309
      1.0138     431.077     -0.1383      3.3606     26.8964    0.421462
      0.8677     431.945     -0.1461      3.3606     27.1417    0.442213
      0.7175     432.663     -0.1502      3.3606      27.416    0.461195
      0.5662     433.229     -0.1513      3.3606     27.7154    0.478498
       0.416     433.645     -0.1502      3.3606     28.0393     0.49436
      0.2694     433.914     -0.1466      3.3606     28.3844    0.508326
      0.1516     434.066     -0.1178      3.3606     28.6873    0.504004
      0.0177     434.084     -0.1339      3.3606     29.0681    0.528393
      0.1084     434.192      0.0907      3.3606     29.4413    0.383656
      0.2429     434.435      0.1345      3.3606     29.9061    0.342581
      0.3273     434.762      0.0844      3.3606     30.0878    0.363357
      0.2925     435.055     -0.0348      3.3606     30.2396    0.438705
      0.1337     435.188     -0.1588      3.3606     30.3648    0.530573
      0.0595     435.248     -0.0742      3.3606      30.609    0.487975
       0.233     435.481      0.1735      3.3606     30.9658     0.32027
      0.3474     435.828      0.1144      3.3606     31.2302    0.343146
      0.4558     436.284      0.1084      3.3606     31.3541    0.334822
      0.4748     436.759       0.019      3.3606     31.4421    0.386372
      0.5057     437.265      0.0309      3.3606     31.5397    0.375833
      0.7082     437.973      0.2025      3.3606     31.6755    0.250598
      0.9773      438.95      0.2691      3.3606     31.8577    0.181037
      1.1442     440.094      0.1669      3.3606     31.8189    0.223998
      1.2232     441.317       0.079      3.3606     31.6607    0.268048
      1.2183     442.536     -0.0049      3.3606     31.5928    0.318927
      1.1377     443.673     -0.0806      3.3606     31.5868    0.373213
      0.9562      444.63     -0.1815      3.3606     31.6681    0.453718
      0.7409     445.371     -0.2153      3.3606     31.8129    0.497681
      0.4548     445.825     -0.2861      3.3606     32.1076    0.571632
      0.6041     446.429      0.1493      3.3606     32.3695    0.293969
      1.1864     447.616      0.5823      3.3606      32.777   -0.029884
      1.7589     449.375      0.5725      3.3606     32.7819   -0.086979
      2.2125     451.587      0.4536      3.3606     30.6309   -0.065535
      2.4869     454.074      0.2744      3.3606      28.221    0.011801
      2.5771     456.651      0.0902      3.3606     26.7851    0.112399
       2.608     459.259      0.0309      3.3606     25.6553     0.14458
      2.5737     461.833     -0.0343      3.3606      25.444    0.187473
      2.4574      464.29     -0.1163      3.3606     25.3265    0.249466
      2.2685     466.559     -0.1889      3.3606     25.2811    0.313805
      2.0188     468.578     -0.2497      3.3606      25.331    0.377752
      1.7247     470.302     -0.2941      3.3606     25.4714    0.436743
      1.3911     471.693     -0.3336      3.3606     25.7004    0.497139
      1.0276     472.721     -0.3635      3.3606     26.0101    0.555064
      0.8755     473.597     -0.1521      3.3606     26.2696    0.444955
      1.1007     474.697      0.2252      3.3606     26.8974    0.193803
      1.3976     476.095      0.2969      3.3606     27.1653    0.118124
      1.6471     477.742      0.2495      3.3606     27.0454    0.119119
      1.8676      479.61      0.2205      3.3606     26.7564    0.112264
      1.9301      481.54      0.0625      3.3606      26.566    0.200189
      1.8748     483.414     -0.0553      3.3606      26.383    0.276952
      1.7782     485.193     -0.0966      3.3606     26.3573    0.312358
      1.5183     486.711     -0.2599      3.3606     26.4497    0.438927
      1.2124     487.923     -0.3059      3.3606     26.5804    0.500176
      0.7824     488.706       -0.43      3.3606     26.9299    0.621936
      0.3671     489.073     -0.4153      3.3606     27.3193    0.658799
      0.0727     489.146     -0.2944      3.3606       27.86    0.618643
      0.4484     489.594      0.3757      3.3606     28.3605    0.175256
      0.8918     490.486      0.4434      3.3606     28.9074    0.085862
      1.0854     491.571      0.1936      3.3606     28.8754    0.214446
      1.1561     492.727      0.0707      3.3606     28.6495    0.280409
       1.193      493.92      0.0369      3.3606     28.5958     0.29663
      1.2584     495.179      0.0654      3.3606     28.6226    0.272336
      1.3461     496.525      0.0877      3.3606     28.6887    0.249309
       1.458     497.983      0.1119      3.3606     28.7321     0.22248
      1.5907     499.573      0.1327      3.3606     28.7431    0.195403
      1.7393     501.313      0.1486      3.3606     28.7158    0.169517
      1.6513     502.964      -0.088      3.3606     28.6506    0.321157
      1.4663      504.43      -0.185      3.3606     28.5473    0.399707
      1.3011     505.731     -0.1652      3.3606     28.6174    0.405999
      1.1817     506.913     -0.1194      3.3606     28.8036    0.391653
      1.1182     508.031     -0.0635      3.3606     29.0245    0.365098
      1.1107     509.142     -0.0075      3.3606     29.2341    0.332323
      1.1546     510.297      0.0439      3.3606     29.4081    0.296654
      1.2247     511.521      0.0701      3.3606     29.5159    0.273223
      1.3385      512.86      0.1138      3.3606     29.5897    0.234485
      1.4752     514.335      0.1367      3.3606     29.6265    0.205708
      1.6235     515.959      0.1483      3.3606     29.6075    0.182435
      1.7862     517.745      0.1627      3.3606     29.5331    0.155898
      1.6806     519.425     -0.1056      3.3606     29.4524    0.328494
      1.4253     520.851     -0.2553      3.3606     29.3168    0.446397
      1.1722     522.023     -0.2531      3.3606     29.3861    0.472918
      0.9555     522.978     -0.2167      3.3606     29.6126    0.474915
      0.7937     523.772     -0.1618      3.3606     29.9093    0.459773
      0.6928     524.465     -0.1009      3.3606     30.2222    0.434332
      0.6553      525.12     -0.0375      3.3606     30.4697    0.400417
       0.667     525.787      0.0117      3.3606     30.7731     0.36961
      0.7425      526.53      0.0755      3.3606     31.0167    0.323025
      0.8463     527.376      0.1038      3.3606     31.1776    0.294627
      0.9721     528.348      0.1258      3.3606     31.2696    0.267589
      1.0839     529.432      0.1118      3.3606     31.3083    0.263691
      1.1931     530.625      0.1092      3.3606     31.3125    0.253239
      1.0277     531.653     -0.1654      3.3606     31.3082    0.436193
      0.7775      532.43     -0.2502      3.3606       31.29    0.514595
      0.5362     532.966     -0.2413      3.3606     31.4777    0.535798
      0.3366     533.303     -0.1996      3.3606     31.7903    0.532734
      0.2147     533.518     -0.1219      3.3606     32.0925    0.499523
      0.1198     533.638     -0.0949      3.3606     32.5239    0.493762
      0.1081     533.746     -0.0117      3.3606     32.8543    0.445129
      0.1567     533.902      0.0486      3.3606     33.1669    0.403603
      0.2573      534.16      0.1006      3.3606     33.4151    0.361337
        0.37      534.53      0.1127      3.3606     33.5687     0.34168
      0.5251     535.055      0.1551      3.3606     33.6856    0.299179
      0.5614     535.616      0.0363      3.3606     33.7682    0.366466
      0.4514     536.068       -0.11      3.3606     33.7922    0.466346
      0.3669     536.434     -0.0845      3.3606      33.874    0.460341
      0.2698     536.704     -0.0971      3.3606     34.1379    0.478582
      0.2203     536.925     -0.0495      3.3606     34.3808    0.455467
      0.2084     537.133     -0.0119      3.3606     34.6424    0.434216
      0.0951     537.228     -0.1133      3.3606     34.8798    0.507519
      0.0605     537.289     -0.0346      3.3606     35.0842    0.464105
      0.1588     537.447      0.0983      3.3606     35.3138    0.373552
      0.2165     537.664      0.0577      3.3606      35.507    0.391565
      0.2233     537.887      0.0068      3.3606     35.6413    0.421357
      0.2087     538.096     -0.0146      3.3606     35.7654    0.435803
      0.2205     538.316      0.0118      3.3606     35.9306    0.418665
      0.1858     538.502     -0.0347      3.3606     36.1173    0.450382
      0.1228     538.625      -0.063      3.3606      36.254    0.474292
      0.0098     538.635      -0.113      3.3606     36.4539    0.516722
      0.0249      538.66      0.0151      3.3606     36.6876    0.438201
      0.0127     538.672     -0.0122      3.3606     36.9751    0.455923
      0.0178      538.69      0.0051      3.3606     37.1688    0.444982
      0.0487     538.739      0.0309      3.3606     37.3634    0.426103
      0.1097     538.849       0.061      3.3606     37.5486    0.401333
      0.1986     539.047      0.0889      3.3606     37.7072    0.374814
      0.3099     539.357      0.1113      3.3606     37.8295    0.349131
      0.4152     539.772      0.1053      3.3606     37.9117    0.341148
      0.4017     540.174     -0.0135      3.3606     37.9483    0.413913
      0.3785     540.552     -0.0232      3.3606     37.9757    0.422285
      0.3609     540.913     -0.0176      3.3606     38.0669    0.420861
      0.3527     541.266     -0.0082      3.3606     38.2052    0.416123
      0.3248     541.591     -0.0279      3.3606     38.3432    0.431012
      0.1776     541.768     -0.1472      3.3606     38.4956    0.518784
       0.075     541.843     -0.1026      3.3606     38.6411     0.50331
      0.0198     541.863     -0.0552      3.3606     38.8369    0.480942
      0.0035     541.867     -0.0163      3.3606     39.0847    0.459395
      0.0419     541.909      0.0384      3.3606     39.3037    0.422351
      0.1309      542.04       0.089      3.3606       39.49    0.382201
      0.2606       542.3      0.1297      3.3606     39.6241    0.343514
      0.3701      542.67      0.1095      3.3606     39.6976    0.343589
      0.4057     543.076      0.0356      3.3606     39.7114    0.384013
      0.4362     543.512      0.0305      3.3606     39.7184    0.383718
      0.4617     543.974      0.0255      3.3606     39.7758    0.383913
      0.4858      544.46      0.0241      3.3606     39.8413    0.382102
      0.4069     544.867     -0.0789      3.3606     39.9064    0.452581
      0.3181     545.185     -0.0888      3.3606     39.9583    0.468289
      0.2085     545.393     -0.1096      3.3606      40.126    0.492825
      0.1527     545.546     -0.0558      3.3606     40.2718    0.466683
      0.1212     545.667     -0.0315      3.3606     40.5127    0.455568
      0.1428      545.81      0.0216      3.3606     40.6947    0.421332
      0.1931     546.003      0.0503      3.3606     40.8295    0.398579
      0.2847     546.288      0.0916      3.3606     40.9448    0.363723
      0.3995     546.687      0.1148      3.3606     41.0225    0.337175
      0.5224      547.21      0.1229      3.3606     41.0496    0.318796
      0.5545     547.764      0.0321      3.3606     41.0348    0.369745
      0.5215     548.286      -0.033      3.3606     40.9913    0.412435
      0.4662     548.752     -0.0553      3.3606     41.0102    0.431898
      0.4001     549.152     -0.0661      3.3606     41.0907    0.445649
      0.3355     549.487     -0.0646      3.3606     41.2035    0.451855
      0.2265     549.714      -0.109      3.3606     41.3361    0.490485
      0.0869     549.801     -0.1396      3.3606     41.4784    0.524201
      0.0075     549.808     -0.0794      3.3606     41.6313    0.496815
      0.0796     549.888      0.0721      3.3606     41.8608    0.397984
      0.0987     549.987      0.0191      3.3606     42.0683    0.427683
      0.0636      550.05     -0.0351      3.3606     42.1478    0.464064
      0.0396      550.09      -0.024      3.3606     42.2581    0.460044
      0.1454     550.235      0.1058      3.3606     42.3762    0.370526
      0.2476     550.483      0.1022      3.3606      42.518    0.361444
      0.3083     550.791      0.0607      3.3606      42.549    0.379667
      0.3571     551.148      0.0488      3.3606     42.5484    0.381439
      0.3888     551.537      0.0317      3.3606     42.5695    0.388212
      0.4016     551.938      0.0128      3.3606     42.5922    0.398144
      0.3969     552.335     -0.0047      3.3606     42.6404    0.409161
      0.3756     552.711     -0.0213      3.3606     42.6893    0.421464
      0.2274     552.938     -0.1482      3.3606     42.7531    0.513906
      0.0068     552.945     -0.2206      3.3606     42.8335    0.581612
      0.2271     553.172      0.2203      3.3606     43.0157    0.292839
      0.4191     553.591       0.192      3.3606     43.3321    0.288699
      0.4666     554.058      0.0475      3.3606     43.2731    0.370174
       0.381     554.439     -0.0856      3.3606     43.1469     0.45945
      0.2031     554.642     -0.1779      3.3606     43.1345    0.534399
      0.0387     554.681     -0.1644      3.3606     43.2456    0.544383
      0.3073     554.988      0.2686      3.3606     43.4579    0.255037
       0.563     555.551      0.2557      3.3606     43.6895     0.23465
      0.6781     556.229      0.1151      3.3606     43.5996    0.306349
      0.6816     556.911      0.0035      3.3606     43.3893    0.372924
      0.6043     557.515     -0.0773      3.3606     43.2819    0.429907
      0.4347      557.95     -0.1696      3.3606     43.2752    0.503943
      0.3126     558.262     -0.1221      3.3606     43.3192    0.488874
      0.0945     558.357     -0.2181      3.3606     43.5146    0.570465
      0.0743     558.431     -0.0202      3.3606     43.6866    0.453947
      0.2167     558.648      0.1424      3.3606     43.9824    0.340723
      0.2663     558.914      0.0496      3.3606     44.1195    0.390947
      0.2717     559.186      0.0054      3.3606     44.0922    0.416873
      0.2866     559.472      0.0149      3.3606      44.108    0.409534
      0.2396     559.712      -0.047      3.3606     44.1628    0.451844
      0.1235     559.836     -0.1161      3.3606     44.2208    0.506075
      0.0086     559.844     -0.1149      3.3606     44.3017    0.517994
      0.1436     559.988       0.135      3.3606     44.4716    0.353204
      0.2923      560.28      0.1487      3.3606     44.6679    0.328627
      0.4359     560.716      0.1436      3.3606     44.6552    0.315891
      0.5132     561.229      0.0773      3.3606     44.5813    0.347168
       0.508     561.737     -0.0052      3.3606      44.487     0.39724
      0.3592     562.096     -0.1488      3.3606     44.4336    0.499768
      0.1227     562.219     -0.2365      3.3606     44.4542    0.578403
      0.1364     562.355      0.0137      3.3606     44.6209    0.426776
      0.3009     562.656      0.1645      3.3606       44.82    0.318201
      0.4376     563.094      0.1367      3.3606      44.896    0.319844
      0.4907     563.585      0.0531      3.3606     44.8248    0.364163
      0.4558      564.04     -0.0349      3.3606     44.7312    0.420802
      0.3522     564.393     -0.1036      3.3606     44.6976    0.473418
      0.2765     564.669     -0.0757      3.3606     44.7433    0.465005
      0.1713      564.84     -0.1052      3.3606     44.8621    0.494277
      0.0221     564.863     -0.1492      3.3606     45.0038    0.537089
      0.1134     564.976      0.0913      3.3606     45.1562    0.382746
      0.2358     565.212      0.1224      3.3606     45.3617    0.350622
      0.3277     565.539      0.0919      3.3606     45.3916    0.358813
      0.3827     565.922       0.055      3.3606     45.3362    0.374903
       0.377     566.299     -0.0057      3.3606      45.294     0.41195
      0.2451     566.544     -0.1319      3.3606     45.2747    0.502179
      0.0466     566.591     -0.1985      3.3606     45.3042    0.563974
      0.2285     566.819      0.1819      3.3606     45.4939    0.315725
      0.3755     567.195       0.147      3.3606     45.6766    0.320495
      0.4937     567.689      0.1182      3.3606     45.5739    0.324773
      0.4916      568.18     -0.0021      3.3606     45.4716    0.397184
      0.3946     568.575      -0.097      3.3606     45.3775    0.464794
       0.214     568.789     -0.1806      3.3606     45.3775     0.53482
      0.0198     568.809     -0.1942      3.3606     45.4539    0.564342
      0.1622     568.971      0.1424      3.3606     45.6398    0.346718
      0.2043     569.175      0.0421      3.3606     45.8361    0.402267
      0.2225     569.398      0.0182      3.3606       45.82    0.414605
      0.1977     569.595     -0.0248      3.3606     45.8265    0.443133
      0.1477     569.743       -0.05      3.3606      45.859    0.463753
      0.0935     569.836     -0.0542      3.3606     45.9146    0.472235
       0.026     569.862     -0.0675      3.3606      46.013     0.48764
      0.0412     569.904      0.0152      3.3606     46.1449    0.436348
      0.1327     570.036      0.0915      3.3606     46.2762    0.380503
      0.2316     570.268      0.0989      3.3606     46.3582    0.365184
      0.2711     570.539      0.0395      3.3606     46.3472    0.396479
      0.2564     570.795     -0.0147      3.3606     46.3029    0.430616
      0.1849      570.98     -0.0715      3.3606      46.298    0.472561
      0.0652     571.046     -0.1197      3.3606     46.3428    0.514648
      0.0859     571.131      0.0207      3.3606     46.4445    0.428131
      0.0852     571.217     -0.0007      3.3606     46.5746    0.441048
      0.0398     571.256     -0.0454      3.3606     46.6355    0.472862
      0.0195     571.276     -0.0203      3.3606     46.6937    0.460035
      0.0842      571.36      0.0647      3.3606     46.8082    0.401918
      0.1163     571.476      0.0321      3.3606     46.8827    0.417947
       0.127     571.603      0.0107      3.3606     46.8983     0.42961
      0.0982     571.702     -0.0288      3.3606     46.9206    0.456478
      0.0213     571.723     -0.0769      3.3606     46.9684    0.493797
      0.0578     571.781      0.0365      3.3606     47.0301    0.421742
      0.1654     571.946      0.1076      3.3606     47.1544    0.367246
      0.0778     572.024     -0.0876      3.3606     47.2009    0.494002
      0.0661      572.09     -0.0117      3.3606     47.1704    0.449749
      0.2378     572.328      0.1717      3.3606      47.261    0.320822
      0.3953     572.723      0.1575      3.3606     47.3338    0.312017
      0.4621     573.185      0.0668      3.3606       47.23    0.359089
      0.4638     573.649      0.0017      3.3606     47.1122    0.397962
      0.5141     574.163      0.0503      3.3606     47.0382    0.363269
       0.498     574.661     -0.0161      3.3606     47.0257     0.40488
      0.4083     575.069     -0.0897      3.3606      46.976    0.458907
      0.2493     575.319      -0.159      3.3606     46.9725    0.517977
      0.0398     575.359     -0.2095      3.3606      47.044    0.571322
      0.0106     575.369     -0.0292      3.3606     47.1942    0.466354
      0.0782     575.447      0.0676      3.3606     47.4155    0.400838
      0.2057     575.653      0.1275      3.3606     47.5464    0.350873
       0.309     575.962      0.1033      3.3606     47.5414     0.35403
      0.3657     576.328      0.0567      3.3606     47.4739    0.375753
      0.3791     576.707      0.0134      3.3606     47.3905    0.400259
      0.3254     577.032     -0.0537      3.3606     47.3418    0.446426
        0.23     577.262     -0.0954      3.3606     47.3319     0.48194
      0.0329     577.295     -0.1971      3.3606     47.3943    0.564641
      0.2188     577.514      0.1859      3.3606     47.4982    0.314392
      0.1322     577.646     -0.0866      3.3606     47.6613    0.487418
      0.0957     577.742     -0.0365      3.3606     47.5127    0.461373
      0.0835     577.825     -0.0122      3.3606     47.5132    0.448135
      0.0519     577.877     -0.0316      3.3606     47.5895    0.463251
      0.2245     578.102      0.1726      3.3606     47.6422    0.321745
      0.5988     578.701      0.3743      3.3606     47.7183    0.159552
      0.9106     579.611      0.3118      3.3606     47.5652    0.162754
       1.099      580.71      0.1884      3.3606     47.0834     0.21607
       1.058     581.768      -0.041      3.3606     46.6868     0.35822
      0.9686     582.737     -0.0894      3.3606     46.4434    0.397094
      1.0406     583.777       0.072      3.3606      46.362    0.292334
      0.9851     584.762     -0.0555      3.3606      46.361    0.374939
      0.8098     585.572     -0.1753      3.3606     46.2144    0.466102
      0.5825     586.155     -0.2273      3.3606      46.165    0.522305
      0.5308     586.686     -0.0517      3.3606     46.2303    0.422632
      0.4309     587.116     -0.0999      3.3606     46.3983    0.462541
      0.2929     587.409      -0.138      3.3606     46.4538    0.500581
      0.1146     587.524     -0.1783      3.3606     46.5394    0.544374
      0.1281     587.652      0.0135      3.3606     46.7057    0.427809
      0.2746     587.927      0.1465      3.3606     46.8352    0.331894
      0.0117     587.938     -0.2629      3.3606     46.9026    0.606453
      0.3761     588.314      0.3644      3.3606     46.8452    0.189989
       0.881     589.195      0.5049      3.3606     47.0178     0.05015
      1.1853     590.381      0.3043      3.3606     46.6979    0.137037
      1.3608     591.742      0.1755      3.3606     46.0596    0.195012
      1.4771     593.219      0.1163      3.3606     45.6272    0.217739
      1.3909      594.61     -0.0862      3.3606      45.372    0.348721
      1.0105      595.62     -0.3804      3.3606     45.0727    0.567085
      0.8074     596.427     -0.2031      3.3606     45.0073    0.483046
      0.6896     597.117     -0.1178      3.3606     45.2334    0.444824
       0.526     597.643     -0.1636      3.3606     45.3912      0.4903
      0.3871      598.03     -0.1389      3.3606     45.4507    0.490759
       0.095     598.125     -0.2921      3.3606     45.6116     0.61481
      0.1961     598.321      0.1011      3.3606     45.7576    0.367769
       0.487     598.808      0.2909      3.3606     46.0433     0.22189
      0.2913       599.1     -0.1957      3.3606     46.0544    0.535377
      0.1192     599.219     -0.1721      3.3606     45.9203    0.540148
      0.1636     599.382      0.0444      3.3606     45.9902    0.405364
       0.326     599.708      0.1624      3.3606      46.167      0.3167
      0.3648     600.073      0.0388      3.3606     46.1479    0.386592
      0.3478     600.421      -0.017      3.3606     46.0206    0.421942
      0.2895      600.71     -0.0583      3.3606     45.9982    0.453135
      0.0051     600.716     -0.2844      3.3606     46.0494    0.620079
      0.2686     600.984      0.2635      3.3606     46.1157    0.262354
      0.3418     601.326      0.0732      3.3606     46.4405    0.368482
      0.4255     601.751      0.0837      3.3606     46.3294    0.352975
      0.5154     602.267      0.0899      3.3606     46.2576    0.339366
        0.62     602.887      0.1046      3.3606     46.2004     0.31904
      0.7568     603.644      0.1368      3.3606     46.1123    0.284672
      0.8602     604.504      0.1034      3.3606     46.0285    0.293338
      0.9911     605.495      0.1309      3.3606     45.8543    0.262439
      0.8862     606.381     -0.1049      3.3606     45.7111    0.415458
      0.7337     607.115     -0.1525      3.3606     45.5328    0.460793
        0.58     607.695     -0.1537      3.3606      45.517     0.47842
      0.4641     608.159     -0.1159      3.3606      45.592    0.468489
      0.4123     608.571     -0.0518      3.3606     45.7037    0.435727
      0.3307     608.902     -0.0816      3.3606     45.8328    0.462583
      0.2432     609.145     -0.0875      3.3606     45.9067    0.475748
      0.2451      609.39      0.0019      3.3606     46.0147    0.421899
      0.3198      609.71      0.0747      3.3606     46.1065    0.370002
      0.4844     610.194      0.1646      3.3606     46.1632    0.297956
      0.7101     610.905      0.2257      3.3606     46.1432    0.236469
      0.9653      611.87      0.2552      3.3606     46.0171    0.190697
      1.1714     613.041      0.2061      3.3606     45.8311    0.197486
      1.3726     614.414      0.2012      3.3606     45.5326    0.178294
      1.3681     615.782     -0.0045      3.3606     45.1992    0.302209
      1.2301     617.012      -0.138      3.3606     44.8955    0.397489
      1.0164     618.028     -0.2137      3.3606     44.7508    0.466416
      0.7651     618.794     -0.2513      3.3606     44.7417    0.516619
      0.5193     619.313     -0.2458      3.3606     44.8303    0.540357
      0.3177     619.631     -0.2016      3.3606     44.9909    0.536013
      0.1786     619.809     -0.1391      3.3606     45.2315    0.513814
      0.1702     619.979     -0.0084      3.3606     45.4777    0.436318
      0.2493     620.229      0.0791      3.3606     45.6347    0.375117
      0.4224     620.651      0.1731      3.3606     45.7253    0.299676
      0.6512     621.302      0.2288      3.3606     45.7174    0.241088
      0.8958     622.198      0.2446      3.3606      45.593    0.204702
      1.1221      623.32      0.2263      3.3606     45.4114    0.190789
       0.977     624.297     -0.1451      3.3606      45.135     0.42959
      0.7137     625.011     -0.2633      3.3606       44.78    0.529473
      0.4148     625.426     -0.2989      3.3606     44.7634    0.583712
      0.1112     625.537     -0.3036      3.3606     44.9143    0.619928
      0.1822     625.719       0.071      3.3606     45.2001    0.387358
      0.3378     626.057      0.1556      3.3606     45.5004    0.319482
      0.3716     626.428      0.0338      3.3606     45.5314    0.388844
      0.2484     626.677     -0.1232      3.3606     45.4309    0.496596
      0.0669     626.744     -0.1815      3.3606     45.4184    0.551541
      0.2162      626.96      0.1493      3.3606     45.5434    0.336638
        0.58      627.54      0.3638      3.3606     45.7923     0.16792
      0.9097      628.45      0.3297      3.3606     45.7217    0.152113
      1.1013     629.551      0.1916      3.3606     45.3926    0.213897
      1.1648     630.716      0.0635      3.3606     45.0212    0.283772
      1.0905     631.806     -0.0743      3.3606     44.7543    0.374625
      0.8943     632.701     -0.1962      3.3606     44.5976    0.469347
      0.6078     633.308     -0.2865      3.3606     44.5658    0.555042
      0.3324     633.641     -0.2754      3.3606     44.6385    0.578676
      0.0047     633.645     -0.3277      3.3606      44.841    0.646103
      0.2805     633.926      0.2758      3.3606     45.0996    0.253665
       0.485     634.411      0.2045      3.3606     45.4293     0.27395
      0.5764     634.987      0.0914      3.3606     45.3134    0.331756
      0.5437     635.531     -0.0327      3.3606     45.1392    0.409813
      0.3963     635.927     -0.1474      3.3606     45.0501    0.494847
      0.1609     636.088     -0.2354      3.3606     45.0693    0.573541
      0.1231     636.211     -0.0378      3.3606        45.2    0.459139
       0.409      636.62      0.2859      3.3606     45.4321     0.23347
      0.6143     637.235      0.2053      3.3606     45.5228    0.259247
      0.8299     638.065      0.2156      3.3606     45.2057    0.229351
      0.8429     638.907       0.013      3.3606       45.04    0.349481
      0.7477     639.655     -0.0952      3.3606     44.8072    0.424873
       0.544     640.199     -0.2037      3.3606     44.7323     0.51238
      0.2172     640.416     -0.3268      3.3606     44.7829    0.622188
      0.0942     640.511      -0.123      3.3606     44.9352    0.513438
      0.3788     640.889      0.2846      3.3606     45.2131    0.237572
      0.6177     641.507      0.2389      3.3606       45.37    0.238713
      0.7342     642.241      0.1165      3.3606     45.1229    0.299338
      0.7604     643.002      0.0262      3.3606     44.8983    0.350636
      0.6387      643.64     -0.1217      3.3606     44.7435    0.452763
      0.4661     644.106     -0.1726      3.3606      44.696    0.502289
      0.1987     644.305     -0.2674      3.3606     44.7701    0.588583
      0.0961     644.401     -0.1026      3.3606     44.9243    0.500989
       0.417     644.818      0.3209      3.3606     45.2231     0.21159
      0.6237     645.442      0.2067      3.3606     45.3861    0.257373
      0.7681      646.21      0.1444      3.3606     45.1372    0.278869
      0.7432     646.953     -0.0249      3.3606     44.9022    0.383188
      0.5637     647.517     -0.1795      3.3606     44.7208    0.495693
      0.3181     647.835     -0.2456      3.3606     44.7014    0.562369
      0.1808     648.016     -0.1373      3.3606     44.8312    0.512492
      0.7698     648.786       0.589      3.3606     45.0925    0.011922
      1.1944      649.98      0.4246      3.3606     45.1755    0.063856
      1.4479     651.428      0.2535      3.3606     44.6153    0.138631
      1.4697     652.898      0.0218      3.3606     44.0172    0.275253
      1.2573     654.155     -0.2124      3.3606     43.6558    0.439137
       0.973     655.128     -0.2843      3.3606     43.4979     0.51355
      0.7119      655.84     -0.2611      3.3606     43.5486    0.528351
      0.4045     656.244     -0.3074      3.3606     43.7197    0.589945
      0.0436     656.288     -0.3609      3.3606     43.9679    0.661744
      0.2298     656.518      0.1862      3.3606       44.25    0.313002
      0.4282     656.946      0.1984      3.3606     44.6156    0.283858
      0.5312     657.477       0.103      3.3606     44.5776    0.329768
      0.2914     657.769     -0.2398      3.3606     44.4211    0.561826
      0.0741     657.843     -0.2173      3.3606     44.3534    0.572229
      0.6246     658.467      0.5505      3.3606     44.5524    0.050994
      1.1922     659.659      0.5676      3.3606     44.7514   -0.021702
      1.9873     661.647      0.7951      3.3606     44.2462   -0.245663
      2.5628      664.21      0.5755      3.3606     42.5002   -0.177208
      2.8446     667.054      0.2818      3.3606     39.9228   -0.031986
      2.8572     669.911      0.0126      3.3606     38.3104    0.128148
      2.6385      672.55     -0.2187      3.3606     35.7166    0.290985
      2.6203      675.17     -0.0182      3.3606     34.1571    0.172687
      2.6223     677.792       0.002      3.3606     34.1658    0.160347
      2.5511     680.344     -0.0712      3.3606     34.0379    0.212099
      2.3195     682.663     -0.2316      3.3606      33.802    0.333815
      2.1584     684.821     -0.1611      3.3606     33.6831    0.309236
      2.4021     687.224      0.2437      3.3606     33.7353    0.039549
      2.6105     689.834      0.2084      3.3606     33.7704    0.037805
      2.7098     692.544      0.0993      3.3606     33.2425    0.092342
      2.6305     695.174     -0.0793      3.3606     32.8225    0.208225
       2.403     697.577     -0.2275      3.3606     32.5287     0.32217
      2.2409     699.818     -0.1621      3.3606     32.4068    0.300761
      2.2013      702.02     -0.0396      3.3606     32.4793    0.231617
      2.0789     704.098     -0.1224      3.3606     32.5161    0.294761
      1.8587     705.957     -0.2202      3.3606     32.4326    0.377663
      1.5421     707.499     -0.3166      3.3606     32.4476    0.470329
      1.3901     708.889      -0.152      3.3606     32.6121    0.388289
      1.2687     710.158     -0.1214      3.3606     32.9282    0.383283
      1.1338     711.292     -0.1349      3.3606     33.0639    0.406222
      0.8612     712.153     -0.2726      3.3606     33.2231    0.518828
      0.5479     712.701     -0.3133      3.3606     33.3931    0.577711
      0.1879     712.889       -0.36      3.3606     33.7155    0.645331
      0.1091     712.998     -0.0788      3.3606     34.1271    0.485279
      0.0723      713.07     -0.0368      3.3606     34.5407    0.464127
      0.0092     713.079     -0.0631      3.3606       34.78    0.486848
      0.1856     713.265      0.1764      3.3606     35.0812    0.323744
      0.3727     713.638      0.1871      3.3606     35.2991    0.296743
      0.6969     714.335      0.3242      3.3606     35.3745    0.178821
      0.9127     715.247      0.2158      3.3606     35.3762    0.220123
      1.1818     716.429      0.2691      3.3606      35.213    0.158542
      1.4565     717.886      0.2747      3.3606      35.087    0.124965
      1.7288     719.614      0.2723      3.3606     34.8911    0.096452
      1.9836     721.598      0.2548      3.3606     34.6429    0.078924
      2.1742     723.772      0.1906      3.3606     34.4034    0.096478
      2.2123     725.985      0.0381      3.3606     34.0395    0.183787
      2.1283     728.113      -0.084      3.3606     33.7553    0.266287
      2.0211     730.134     -0.1072      3.3606     33.5863    0.291999
      1.9156      732.05     -0.1055      3.3606     33.5309    0.302584
        1.83      733.88     -0.0856      3.3606     33.5281     0.30006
      1.7731     735.653     -0.0569      3.3606     33.5476    0.289099
      1.7483     737.401     -0.0248      3.3606     33.5681    0.272567
      1.7582     739.159      0.0099      3.3606     33.5762    0.250658
      1.7949     740.954      0.0367      3.3606     33.5607    0.230541
      1.8393     742.793      0.0444      3.3606     33.5226    0.221037
      1.8999     744.693      0.0606      3.3606      33.446    0.204651
      1.9604     746.654      0.0605      3.3606     33.3545    0.198056
      2.0126     748.666      0.0522      3.3606     33.2409    0.197294
      2.0491     750.715      0.0365      3.3606     33.1178    0.202699
      2.0639     752.779      0.0148      3.3606     33.0149    0.214091
       2.054     754.833     -0.0099      3.3606     32.8631        0.23
      2.0261     756.859     -0.0279      3.3606     32.7825    0.243869
      1.9606      758.82     -0.0655      3.3606     32.6989    0.273634
      1.8942     760.714     -0.0664      3.3606     32.6564    0.281478
      1.7896     762.504     -0.1046      3.3606     32.6472    0.315904
      1.6707     764.174     -0.1189      3.3606     32.6536    0.337563
      1.5435     765.718     -0.1272      3.3606     32.7046    0.356535
      1.4138     767.132     -0.1297      3.3606     32.7883    0.372302
      1.2865     768.418     -0.1273      3.3606     32.8977    0.384865
      1.1656     769.584     -0.1209      3.3606     33.0294    0.394324
      1.0538     770.638     -0.1118      3.3606     33.1772    0.401162
      0.9362     771.574     -0.1176      3.3606      33.365    0.417578
      0.8609     772.435     -0.0753      3.3606     33.5057    0.400481
       0.769     773.204     -0.0919      3.3606     33.7264     0.42055
      0.7116     773.915     -0.0574      3.3606     33.8672    0.406164
        0.65     774.565     -0.0616      3.3606     34.0555     0.41546
      0.5943      775.16     -0.0557      3.3606     34.2271    0.418047
       0.549     775.709     -0.0453      3.3606     34.4356     0.41679
      0.6135     776.322      0.0645      3.3606     34.5563    0.343815
      0.8768     777.199      0.2633      3.3606     34.7643    0.195572
      1.0566     778.256      0.1798      3.3606     34.8299    0.225894
      1.2437     779.499      0.1871      3.3606     34.6281    0.200933
      1.3219     780.821      0.0782      3.3606     34.5108    0.257671
      1.4455     782.267      0.1236      3.3606     34.4157    0.216835
      1.8422     784.109      0.3967      3.3606     34.3448    0.009338
      2.0603     786.169      0.2181      3.3606     34.2525    0.092507
      2.2371     788.406      0.1768      3.3606     33.6915    0.097839
      2.2493     790.656      0.0122      3.3606     33.3815    0.195257
      2.1333     792.789      -0.116      3.3606     33.1028    0.284937
      1.9506     794.739     -0.1827      3.3606     32.9886    0.345054
      1.9332     796.673     -0.0174      3.3606     32.9848    0.247788
      2.2216     798.894      0.2884      3.3606     33.0862    0.032584
      2.4049     801.299      0.1833      3.3606     33.0371    0.075481
      2.4796     803.779      0.0747      3.3606     32.5834    0.132424
      2.5365     806.315      0.0569      3.3606     32.2436    0.136845
       2.788     809.103      0.2515      3.3606     32.0563    -0.00758
      3.1574     812.261      0.3694      3.3606     31.7781   -0.118954
      3.2621     815.523      0.1047      3.3606      31.085    0.028349
      3.2287     818.751     -0.0334      3.3606     29.0205    0.114883
      3.0908     821.842     -0.1379      3.3606     27.6136    0.192752
      3.0515     824.894     -0.0393      3.3606     27.4603    0.137915
      3.1227     828.016      0.0712      3.3606      27.418    0.063783
      3.1534      831.17      0.0307      3.3606     27.2818    0.084706
      3.0768     834.247     -0.0766      3.3606     27.0144    0.157512
      2.8902     837.137     -0.1866      3.3606     26.7917    0.244038
      2.6058     839.743     -0.2844      3.3606     26.6912    0.334002
      2.2397     841.982     -0.3661      3.3606     26.7205    0.423293
      1.8206     843.803     -0.4191      3.3606     26.8767    0.501194
      1.5464     845.349     -0.2742      3.3606     27.1057    0.444416
      1.2274     846.577      -0.319      3.3606     27.4957    0.506386
      0.8677     847.444     -0.3597      3.3606     27.8054    0.570373
      0.4666     847.911     -0.4011      3.3606     28.1928    0.639334
      0.0427     847.954     -0.4239      3.3606     28.7404    0.699643
      0.4267      848.38       0.384      3.3606     29.2056    0.172663
      0.7829     849.163      0.3562      3.3606     29.8362    0.150161
      1.0558     850.219      0.2729      3.3606      29.805    0.170122
      1.3171     851.536      0.2613      3.3606     29.6575    0.148339
      1.6107     853.147      0.2936      3.3606     29.5109    0.096663
      1.8552     855.002      0.2445      3.3606     29.3625    0.099228
       2.047     857.049      0.1918      3.3606     29.1821     0.10975
      2.1596     859.209      0.1126      3.3606     28.9983    0.144884
      2.2979     861.507      0.1383      3.3606     28.7621    0.114251
      2.4086     863.915      0.1107      3.3606     28.6067    0.118634
      2.5126     866.428       0.104      3.3606      28.421    0.111214
      2.6074     869.035      0.0948      3.3606     28.2377    0.106306
      2.6792     871.714      0.0718      3.3606     28.0792    0.112208
      2.7432     874.458       0.064      3.3606     27.9163    0.109848
      2.8193     877.277      0.0761      3.3606        27.7    0.094217
      2.8714     880.148      0.0521      3.3606     27.5153    0.102886
      2.9031     883.051      0.0317      3.3606     27.3466    0.111639
      2.9275     885.979      0.0244      3.3606     27.1246    0.113335
      2.9294     888.908      0.0019      3.3606      26.979    0.126626
      2.9013      891.81     -0.0281      3.3606     26.7832    0.147717
      2.8569     894.667     -0.0444      3.3606     26.6364    0.162381
       2.797     897.464     -0.0599      3.3606     26.5216     0.17827
      2.7367       900.2     -0.0603      3.3606     26.4456    0.185143
      2.6529     902.853     -0.0838      3.3606     26.3798    0.208461
        2.54     905.393     -0.1129      3.3606     26.3169     0.23834
      2.4503     907.843     -0.0897      3.3606     26.2982    0.234287
      2.3359     910.179     -0.1144      3.3606     26.3195    0.261691
       2.193     912.372     -0.1429      3.3606     26.3411     0.29451
      2.0851     914.457     -0.1079      3.3606     26.3847    0.285379
      1.9316     916.389     -0.1535      3.3606     26.5006    0.329624
      1.8502     918.239     -0.0814      3.3606     26.5767    0.295318
      1.7885     920.028     -0.0617      3.3606     26.7222    0.290285
        1.74     921.768     -0.0485      3.3606     26.8106      0.2877
      1.6582     923.426     -0.0818      3.3606      26.917    0.316678
      1.5714     924.997     -0.0868      3.3606     27.0036    0.329226
      1.4693     926.467     -0.1021      3.3606     27.1281    0.349637
      1.3737      927.84     -0.0956      3.3606     27.2472    0.356253
      1.2478     929.088     -0.1259      3.3606     27.4184    0.388282
      1.0858     930.174      -0.162      3.3606     27.6284    0.427762
      0.9623     931.136     -0.1235      3.3606     27.8095    0.418247
      0.8372     931.973     -0.1251      3.3606     28.0348    0.432968
      0.6344     932.608     -0.2028      3.3606      28.384    0.501896
      0.5056     933.113     -0.1288      3.3606     28.6134    0.471664
      0.3576     933.471      -0.148      3.3606     28.9736    0.499464
      0.2176     933.689       -0.14      3.3606     29.3051    0.510064
      0.1066     933.795      -0.111      3.3606     29.6026    0.504874
      0.0366     933.832       -0.07      3.3606     30.0371    0.487974
      0.1482      933.98      0.1116      3.3606     30.3997    0.366738
      0.2737     934.254      0.1255      3.3606     30.6789    0.344593
      0.0252     934.279     -0.2485      3.3606     30.8791    0.596328
      0.1153     934.394      0.0901      3.3606     30.8565    0.383257
      0.2393     934.634       0.124      3.3606     31.2202    0.349277
      0.3573     934.991       0.118      3.3606     31.4015    0.339897
      0.4357     935.427      0.0784      3.3606     31.5168    0.355033
      0.4669     935.893      0.0312      3.3606     31.6002    0.379921
      0.4726     936.366      0.0057      3.3606      31.721    0.394594
      0.7345     937.101      0.2619      3.3606     31.9037    0.212065
      0.9486     938.049      0.2141      3.3606     32.0509    0.217194
       1.145     939.194      0.1964      3.3606     31.9424     0.20621
      1.2424     940.437      0.0974      3.3606     31.8576    0.254896
      1.2729     941.709      0.0305      3.3606      31.733    0.291681
      1.2047     942.914     -0.0682      3.3606     31.7038    0.358403
      1.0606     943.975     -0.1441      3.3606     31.7328    0.419794
      0.8553      944.83     -0.2053      3.3606      31.854    0.479097
      0.6068     945.437     -0.2485      3.3606      32.061    0.532352
      0.5242     945.961     -0.0826      3.3606     32.2985    0.441898
      0.9539     946.915      0.4297      3.3606     32.6578    0.087251
      1.5305     948.445      0.5766      3.3606      32.908   -0.064315
       2.102     950.547      0.5715      3.3606     32.4271    -0.12412
      2.4179     952.965      0.3159      3.3606     29.9979   -0.005509
      2.5241     955.489      0.1062      3.3606     28.4852    0.108629
      2.5604      958.05      0.0363      3.3606      27.072    0.146576
      2.5457     960.596     -0.0147      3.3606     26.0192    0.178793
      2.4914     963.087     -0.0543      3.3606     25.8893    0.208526
      2.3442     965.431     -0.1472      3.3606     25.8135    0.280458
      2.1255     967.557     -0.2187      3.3606     25.7968    0.347415
      1.7982     969.355     -0.3273      3.3606     25.8959    0.448578
      1.5272     970.882      -0.271      3.3606     26.0454    0.444608
      1.1727     972.055     -0.3545      3.3606     26.3636    0.533703
      0.8168     972.872     -0.3559      3.3606     26.6839    0.573692
       0.799     973.671     -0.0178      3.3606     27.1151     0.37279
      1.1424     974.813      0.3434      3.3606     27.6047    0.118296
      1.4325     976.245      0.2901      3.3606     27.7655    0.118365
      1.7257     977.971      0.2932      3.3606     27.4126    0.084253
      1.8333     979.804      0.1076      3.3606     27.2245    0.183777
      1.8351      981.64      0.0018      3.3606     26.9324    0.247059
      1.7093     983.349     -0.1258      3.3606     26.8628    0.337457
      1.4855     984.834     -0.2238      3.3606     26.8937    0.420875
      1.2907     986.125     -0.1948      3.3606     26.9975    0.424903
       0.885      987.01     -0.4057      3.3606     27.3171     0.59607
      0.4767     987.487     -0.4083      3.3606     27.5995    0.642543
      0.0332      987.52     -0.4435      3.3606      28.092    0.712448
      0.4274     987.947      0.3942      3.3606     28.6657    0.166466
      0.9631      988.91      0.5357      3.3606     29.4356    0.022639
      1.1476     990.058      0.1845      3.3606      29.421    0.213064
      1.2079     991.266      0.0603      3.3606     29.0896    0.280951
      1.2432     992.509      0.0353      3.3606      28.997    0.292068
      1.2864     993.796      0.0432      3.3606     29.0198    0.282576
       1.338     995.134      0.0516      3.3606      29.066     0.27186
      1.4219     996.555      0.0839      3.3606     29.1162    0.243251
      1.5104     998.066      0.0885      3.3606     29.1468    0.230756
      1.6557     999.722      0.1453      3.3606      29.144    0.180693
       1.516     1001.24     -0.1397      3.3606     29.1233     0.36706
      1.2843     1002.52     -0.2317      3.3606     29.0189    0.447747
      1.1136     1003.64     -0.1707      3.3606     29.1311    0.429924
      1.0157     1004.65     -0.0979      3.3606      29.325    0.397013
      0.9558     1005.61     -0.0599      3.3606     29.6222    0.380802
      0.9719     1006.58      0.0161      3.3606     29.8383    0.333431
      1.0445     1007.62      0.0726      3.3606     30.0262    0.291545
      1.1412     1008.76      0.0967      3.3606     30.1322    0.266448
      1.3143     1010.08      0.1731      3.3606     30.2005    0.201567
      1.4563     1011.54       0.142      3.3606     30.2175    0.204607
        1.66      1013.2      0.2037      3.3606     30.1306     0.14518
      1.7251     1014.92      0.0651      3.3606     30.0543    0.221179
      1.5024     1016.42     -0.2227      3.3606     29.8985    0.418356
      1.2973     1017.72     -0.2051      3.3606     29.8452    0.430357
      1.0728     1018.79     -0.2245      3.3606     30.0043    0.466692
       0.894     1019.69     -0.1788      3.3606     30.2372     0.45894
      0.7706     1020.46     -0.1234      3.3606     30.5222    0.439274
      0.7143     1021.17     -0.0563      3.3606     30.7609    0.405207
      0.7029     1021.87     -0.0114      3.3606     31.0654    0.379521
       0.749     1022.62      0.0461      3.3606     31.2788     0.33995
      0.8367     1023.46      0.0877      3.3606     31.4503    0.305343
      0.9541     1024.41      0.1174      3.3606     31.5636    0.274609
      1.0878      1025.5      0.1337      3.3606     31.6228    0.250122
      1.2246     1026.73      0.1368      3.3606     31.6345    0.233214
      1.1294     1027.86     -0.0952      3.3606     31.6041    0.382886
      0.9649     1028.82     -0.1645      3.3606     31.5708    0.442561
      0.6453     1029.47     -0.3196      3.3606     31.7494    0.570777
      0.4355      1029.9     -0.2098      3.3606     31.9748    0.527975
      0.3033     1030.21     -0.1322      3.3606     32.2713    0.495957
       0.208     1030.41     -0.0953      3.3606     32.6389      0.4843
      0.1776     1030.59     -0.0304      3.3606     32.9624    0.448704
       0.208      1030.8      0.0304      3.3606     33.2616     0.40888
       0.292     1031.09       0.084      3.3606     33.5113     0.36748
      0.4169     1031.51      0.1249      3.3606     33.7002    0.329201
      0.5941      1032.1      0.1772      3.3606     33.8446    0.278329
       0.613     1032.71      0.0189      3.3606     33.9098     0.37123
      0.4961     1033.21     -0.1169      3.3606     33.8955    0.465569
      0.4052     1033.62     -0.0909      3.3606     33.9757    0.459968
      0.3126     1033.93     -0.0926      3.3606     34.1959    0.471174
      0.2512     1034.18     -0.0614      3.3606     34.4364    0.459208
      0.2266     1034.41     -0.0246      3.3606     34.6885    0.439834
      0.1187     1034.53     -0.1079      3.3606     34.9279    0.501683
      0.0722      1034.6     -0.0465      3.3606     35.1734    0.469958
      0.1902     1034.79       0.118      3.3606     35.4461    0.358278
      0.2445     1035.03      0.0543      3.3606     35.6735    0.390525
       0.226     1035.26     -0.0185      3.3606      35.771     0.43624
      0.2191     1035.48     -0.0069      3.3606     35.8906    0.430039
      0.2102     1035.69     -0.0089      3.3606     36.0417    0.432218
      0.1552     1035.84      -0.055      3.3606     36.2225    0.465928
      0.0547      1035.9     -0.1005      3.3606     36.4015    0.504283
      0.1072        1036      0.0525      3.3606     36.6595    0.406708
      0.0919      1036.1     -0.0153      3.3606     36.8843    0.449071
      0.0891     1036.19     -0.0028      3.3606     37.0574    0.441879
      0.0985     1036.28      0.0094      3.3606     37.2347    0.433525
      0.1325     1036.42       0.034      3.3606     37.4147    0.415025
      0.1922     1036.61      0.0597      3.3606     37.5825    0.393038
      0.2603     1036.87      0.0681      3.3606     37.7018    0.380507
      0.3592     1037.23      0.0989      3.3606     37.8115    0.351148
      0.4131     1037.64      0.0539      3.3606     37.8994    0.372219
      0.3758     1038.02     -0.0373      3.3606     37.9533    0.431042
       0.344     1038.36     -0.0318      3.3606     38.0202     0.43124
      0.3212     1038.68     -0.0228      3.3606     38.1842    0.428348
      0.3192        1039      -0.002      3.3606      38.311    0.416088
      0.1865     1039.19     -0.1327      3.3606     38.4591    0.509105
      0.0747     1039.26     -0.1118      3.3606     38.5905    0.508863
      0.0008     1039.26     -0.0739      3.3606     38.8174    0.494252
      0.0192     1039.28      0.0184      3.3606     39.0269    0.436848
      0.0323     1039.31      0.0131      3.3606     39.3394    0.438587
      0.1147     1039.43      0.0824      3.3606      39.476    0.387943
       0.278     1039.71      0.1633      3.3606       39.65     0.32144
      0.3987     1040.11      0.1207      3.3606     39.7221    0.333723
      0.4449     1040.55      0.0462      3.3606     39.7061    0.373341
      0.4843     1041.04      0.0394      3.3606     39.6947    0.373087
       0.507     1041.54      0.0227      3.3606     39.7373     0.38061
      0.5231     1042.07      0.0161      3.3606     39.7881    0.382799
      0.4396     1042.51     -0.0835      3.3606     39.8474    0.451744
      0.3392     1042.84     -0.1004      3.3606     39.8998    0.472928
      0.2123     1043.06     -0.1269      3.3606     40.0671    0.502787
      0.1334     1043.19     -0.0789      3.3606      40.248    0.482666
      0.0969     1043.29     -0.0365      3.3606     40.4658    0.461241
      0.1103      1043.4      0.0134      3.3606     40.6691    0.429827
      0.1709     1043.57      0.0606      3.3606     40.8411    0.394841
      0.2907     1043.86      0.1198      3.3606      40.988    0.346143
      0.4213     1044.28      0.1306      3.3606     41.0622    0.325297
        0.56     1044.84      0.1387      3.3606     41.0644     0.30518
      0.5605      1045.4      0.0005      3.3606     41.0237    0.388045
       0.525     1045.93     -0.0355      3.3606     40.9602     0.41355
      0.4647     1046.39     -0.0603      3.3606     40.9976    0.435063
      0.3946     1046.79     -0.0701      3.3606     41.0839    0.448654
      0.3369     1047.12     -0.0577      3.3606     41.1804    0.447561
       0.196     1047.32     -0.1409      3.3606     41.3174     0.51298
      0.0513     1047.37     -0.1447      3.3606     41.4558    0.531177
      0.0609     1047.43      0.0096      3.3606     41.6631    0.437541
      0.1221     1047.55      0.0612      3.3606     41.9062    0.399849
      0.1232     1047.68      0.0011      3.3606     42.0413    0.435788
      0.0647     1047.74     -0.0585      3.3606     42.1108    0.477983
      0.0674     1047.81      0.0027      3.3606     42.2343    0.440966
      0.2078     1048.02      0.1404      3.3606      42.396    0.342902
      0.2925     1048.31      0.0847      3.3606     42.5154    0.367005
       0.352     1048.66      0.0595      3.3606     42.5113     0.37558
      0.4138     1049.07      0.0618      3.3606     42.5138    0.367402
      0.4411     1049.51      0.0273      3.3606     42.5284    0.385099
      0.4529     1049.97      0.0118      3.3606     42.5392    0.393101
      0.4425     1050.41     -0.0104      3.3606     42.5631    0.407565
      0.4109     1050.82     -0.0316      3.3606     42.6061    0.423761
      0.2072     1051.03     -0.2037      3.3606      42.668    0.549428
      0.0796     1051.11     -0.1276      3.3606     42.7662    0.517804
      0.3046     1051.41       0.225      3.3606     42.9818    0.281494
      0.4638     1051.88      0.1592      3.3606     43.1693    0.303462
      0.4923     1052.37      0.0285      3.3606     43.1081    0.378747
      0.3874     1052.76     -0.1049      3.3606     42.9896    0.470326
      0.1996     1052.96     -0.1878      3.3606     42.9934    0.540724
      0.0479        1053     -0.1517      3.3606       43.12    0.535751
      0.2723     1053.28      0.2244      3.3606     43.3032    0.285407
      0.5639     1053.84      0.2916      3.3606     43.5642    0.213011
      0.6541     1054.49      0.0902      3.3606     43.4895    0.323929
      0.6389     1055.13     -0.0152      3.3606     43.2522    0.388841
      0.5397     1055.67     -0.0992      3.3606     43.1637    0.450153
        0.41     1056.08     -0.1297      3.3606     43.1744     0.48272
      0.2246     1056.31     -0.1854      3.3606     43.2738    0.536534
      0.0329     1056.34     -0.1917      3.3606     43.4254    0.561401
      0.1369     1056.48       0.104      3.3606     43.6416    0.372541
      0.2582     1056.73      0.1213      3.3606     43.8992    0.348818
      0.3128     1057.05      0.0546      3.3606     43.9354    0.382832
      0.3256     1057.37      0.0128      3.3606     43.9023    0.406504
       0.349     1057.72      0.0234      3.3606     43.9105     0.39757
      0.3067     1058.03     -0.0423      3.3606     43.9531    0.441643
      0.2119     1058.24     -0.0948      3.3606     43.9884    0.483571
      0.0999     1058.34      -0.112      3.3606     44.0593    0.506211
      0.0565      1058.4     -0.0434      3.3606     44.2048    0.469825
      0.2191     1058.62      0.1626      3.3606     44.3852    0.328339
      0.3676     1058.98      0.1485      3.3606     44.5211    0.320464
      0.4808     1059.46      0.1132      3.3606     44.4757    0.329192
      0.5394        1060      0.0586      3.3606     44.3886    0.355506
      0.4307     1060.43     -0.1087      3.3606      44.302    0.467843
      0.2579     1060.69     -0.1728      3.3606     44.2646    0.525311
      0.0538     1060.75     -0.2041      3.3606     44.3613    0.566542
      0.1753     1060.92      0.1215      3.3606     44.5807    0.357817
      0.3071     1061.23      0.1318      3.3606      44.783    0.337139
      0.4013     1061.63      0.0942      3.3606     44.7803    0.349337
      0.4071     1062.04      0.0058      3.3606      44.708    0.401739
      0.3283     1062.37     -0.0788      3.3606     44.6587    0.461167
      0.2778     1062.64     -0.0505      3.3606     44.6734    0.449742
      0.1876     1062.83     -0.0902      3.3606     44.7941    0.483484
      0.0771     1062.91     -0.1105      3.3606     44.8958    0.507819
      0.0505     1062.96     -0.0266      3.3606     45.0333    0.460405
      0.1785     1063.14       0.128      3.3606     45.2056    0.353565
      0.2908     1063.43      0.1123      3.3606     45.3235    0.350632
      0.3729      1063.8      0.0821      3.3606        45.3    0.359721
      0.4177     1064.22      0.0448      3.3606      45.239    0.377173
      0.3864     1064.61     -0.0313      3.3606     45.2055    0.426276
      0.2017     1064.81     -0.1847      3.3606     45.1885    0.538633
      0.0064     1064.81     -0.1953      3.3606     45.2361    0.566476
      0.1861        1065      0.1797      3.3606     45.4107    0.321709
      0.3577     1065.36      0.1716      3.3606     45.6889    0.307693
      0.4307     1065.79       0.073      3.3606     45.6395    0.358823
      0.4256     1066.21     -0.0051      3.3606     45.5371    0.406244
      0.3405     1066.55     -0.0851      3.3606     45.4832    0.463605
      0.1833     1066.74     -0.1572      3.3606     45.5006    0.524157
      0.0665      1066.8     -0.1168      3.3606     45.6138    0.512765
      0.0959      1066.9      0.0294      3.3606     45.7569    0.421811
      0.1296     1067.03      0.0337      3.3606      45.936    0.415524
      0.1405     1067.17      0.0109      3.3606     46.0033    0.428005
      0.1181     1067.29     -0.0224      3.3606      46.039    0.450449
      0.0772     1067.36     -0.0409      3.3606     46.0878    0.466048
      0.0274     1067.39     -0.0498      3.3606     46.1652    0.476866
      0.0196     1067.41     -0.0078      3.3606     46.2654    0.452524
      0.0968     1067.51      0.0772      3.3606     46.4008    0.393032
      0.1871      1067.7      0.0903      3.3606      46.489    0.375239
      0.2444     1067.94      0.0573      3.3606     46.4962    0.388736
      0.2557      1068.2      0.0113      3.3606     46.4657    0.415093
      0.2147     1068.41      -0.041      3.3606     46.4506    0.450983
       0.124     1068.53     -0.0907      3.3606     46.4726     0.49078
      0.0058     1068.54     -0.1182      3.3606     46.5439    0.520282
      0.0542     1068.59      0.0484      3.3606     46.6691    0.414998
      0.0099      1068.6     -0.0443      3.3606     46.8932    0.475491
      0.0736     1068.68      0.0637      3.3606     46.9425    0.403684
      0.1352     1068.81      0.0616      3.3606     47.0292    0.398168
      0.1708     1068.98      0.0356      3.3606     47.0473    0.409852
      0.1844     1069.17      0.0136      3.3606     47.0416    0.421556
      0.1606     1069.33     -0.0238      3.3606      47.051    0.446614
      0.0847     1069.41     -0.0759      3.3606     47.0831    0.486223
       0.017     1069.43     -0.0677      3.3606     47.1432     0.48875
      0.1792     1069.61      0.1622      3.3606     47.2753    0.332968
      0.0611     1069.67     -0.1181      3.3606      47.377    0.514139
      0.0666     1069.74      0.0055      3.3606     47.2508    0.439374
      0.1335     1069.87      0.0669      3.3606     47.3043    0.395175
      0.1973     1070.07      0.0638      3.3606     47.3545    0.390017
      0.2135     1070.28      0.0162      3.3606      47.347    0.416795
      0.2293     1070.51      0.0158      3.3606     47.3256    0.415297
       0.289      1070.8      0.0597      3.3606     47.3385     0.38239
      0.2998      1071.1      0.0108      3.3606     47.3557    0.410542
      0.2566     1071.36     -0.0432      3.3606     47.3282    0.447694
      0.1357     1071.49     -0.1209      3.3606     47.3326    0.507613
      0.0719     1071.56     -0.0638      3.3606     47.3881    0.480371
      0.1482     1071.71      0.0763      3.3606     47.4961    0.387918
      0.2902        1072       0.142      3.3606     47.5988    0.332878
      0.4129     1072.42      0.1227      3.3606     47.5332    0.330961
      0.4665     1072.88      0.0536      3.3606     47.4248    0.366525
      0.4373     1073.32     -0.0292      3.3606     47.3086    0.419417
      0.3693     1073.69      -0.068      3.3606     47.2631    0.450177
      0.1363     1073.82      -0.233      3.3606     47.2839    0.574807
      0.1054     1073.93     -0.0309      3.3606     47.3454    0.456946
      0.3244     1074.25       0.219      3.3606     47.5059    0.282916
      0.5082     1074.76      0.1838      3.3606     47.5965    0.283818
      0.4164     1075.18     -0.0918      3.3606     47.4544    0.459276
      0.2592     1075.44     -0.1572      3.3606     47.2747    0.515808
       0.059      1075.5     -0.2002      3.3606     47.2958     0.56363
      0.1215     1075.62      0.0625      3.3606     47.4004    0.399135
      0.6147     1076.23      0.4932      3.3606     47.5948    0.086463
      1.1423     1077.38      0.5276      3.3606     47.6071    0.007787
      1.4428     1078.82      0.3005      3.3606     47.0691    0.110992
      1.5188     1080.34       0.076      3.3606     46.4833    0.237332
       1.334     1081.67     -0.1848      3.3606     45.9384     0.41414
       1.164     1082.84       -0.17      3.3606     45.6934     0.42396
      1.0328     1083.87     -0.1312      3.3606     45.6897    0.415112
      0.7921     1084.66     -0.2407      3.3606      45.739    0.507289
      0.5851     1085.25      -0.207      3.3606     45.7653    0.509839
      0.2568      1085.5     -0.3283      3.3606     45.9352    0.618732
       0.182     1085.68     -0.0748      3.3606     46.1052     0.47486
      0.1207     1085.81     -0.0613      3.3606     46.3883    0.473503
      0.0799     1085.89     -0.0408      3.3606     46.5329    0.465691
        0.04     1085.93     -0.0399      3.3606      46.642     0.46954
      0.0004     1085.93     -0.0396      3.3606     46.7245    0.473716
      0.0541     1085.98      0.0537      3.3606     46.8259    0.411829
      0.4118     1086.39      0.3577      3.3606     46.9326    0.190082
      1.0313     1087.42      0.6195      3.3606     46.9697   -0.035143
      1.4654     1088.89      0.4341      3.3606     46.5106    0.028346
      1.6663     1090.55      0.2009      3.3606     44.4652    0.146167
      1.7244     1092.28      0.0581      3.3606     43.6396    0.225456
      1.7666     1094.05      0.0422      3.3606      43.218    0.230354
      1.5725     1095.62     -0.1941      3.3606     42.9996    0.393485
      1.2637     1096.88     -0.3088      3.3606     42.8322    0.496273
      0.8596     1097.74     -0.4041      3.3606     42.8463    0.597904
      0.7442     1098.49     -0.1154      3.3606     43.0099    0.437378
      0.6213     1099.11     -0.1229      3.3606     43.2501    0.455397
       0.407     1099.51     -0.2143      3.3606     43.3867     0.53381
      0.1724     1099.69     -0.2346      3.3606     43.5014    0.571796
      0.0973     1099.78     -0.0751      3.3606     43.7191    0.484357
      0.3835     1100.17      0.2862      3.3606     43.9978    0.236095
       0.524     1100.69      0.1405      3.3606     44.1474     0.30806
      0.3064        1101     -0.2176      3.3606     43.9972    0.546856
      0.0591     1101.06     -0.2473      3.3606      43.883    0.591879
      0.1623     1101.22      0.1032      3.3606     43.9915    0.370227
      0.2906     1101.51      0.1283      3.3606     44.2317    0.341054
      0.2873      1101.8     -0.0033      3.3606     44.2379    0.420377
      0.2422     1102.04     -0.0451      3.3606     44.1832    0.450418
      0.1613      1102.2     -0.0809      3.3606     44.2323    0.480797
      0.0357     1102.24     -0.1256      3.3606     44.3344    0.521433
      0.3307     1102.57       0.295      3.3606      44.478    0.236623
      0.4309        1103      0.1002      3.3606     44.6391    0.342481
      0.5078     1103.51      0.0769      3.3606      44.414    0.348002
       0.557     1104.06      0.0492      3.3606     44.3409     0.35921
      0.6396      1104.7      0.0826      3.3606     44.2866    0.330084
      0.7278     1105.43      0.0882      3.3606     44.2556    0.317022
      0.8138     1106.24       0.086      3.3606     44.2064    0.308882
      0.9268     1107.17       0.113      3.3606     44.1237    0.280252
      1.0262      1108.2      0.0994      3.3606      44.029    0.277478
      0.9306     1109.13     -0.0956      3.3606     43.8978    0.404994
       0.788     1109.91     -0.1426      3.3606     43.7352     0.44888
      0.6721     1110.59     -0.1159      3.3606     43.7369    0.445609
       0.596     1111.18     -0.0761      3.3606     43.8201      0.4301
      0.5784     1111.76     -0.0176      3.3606     43.9181    0.396936
      0.5128     1112.27     -0.0656      3.3606     44.0141    0.432952
